algorithm,dataset,timestep,anomaly_score
earthgeckoSkyline,IOPS_175,0,0.0
earthgeckoSkyline,IOPS_175,1,0.0
earthgeckoSkyline,IOPS_175,2,0.0
earthgeckoSkyline,IOPS_175,3,0.0
earthgeckoSkyline,IOPS_175,4,0.0
earthgeckoSkyline,IOPS_175,5,0.0
earthgeckoSkyline,IOPS_175,6,0.0
earthgeckoSkyline,IOPS_175,7,0.0
earthgeckoSkyline,IOPS_175,8,0.0
earthgeckoSkyline,IOPS_175,9,0.0
earthgeckoSkyline,IOPS_175,10,0.0
earthgeckoSkyline,IOPS_175,11,0.0
earthgeckoSkyline,IOPS_175,12,0.0
earthgeckoSkyline,IOPS_175,13,0.0
earthgeckoSkyline,IOPS_175,14,0.0
earthgeckoSkyline,IOPS_175,15,0.0
earthgeckoSkyline,IOPS_175,16,0.0
earthgeckoSkyline,IOPS_175,17,0.0
earthgeckoSkyline,IOPS_175,18,0.0
earthgeckoSkyline,IOPS_175,19,0.0
earthgeckoSkyline,IOPS_175,20,0.0
earthgeckoSkyline,IOPS_175,21,0.0
earthgeckoSkyline,IOPS_175,22,0.0
earthgeckoSkyline,IOPS_175,23,0.0
earthgeckoSkyline,IOPS_175,24,0.0
earthgeckoSkyline,IOPS_175,25,0.0
earthgeckoSkyline,IOPS_175,26,0.0
earthgeckoSkyline,IOPS_175,27,0.0
earthgeckoSkyline,IOPS_175,28,0.0
earthgeckoSkyline,IOPS_175,29,0.0
earthgeckoSkyline,IOPS_175,30,0.0
earthgeckoSkyline,IOPS_175,31,0.0
earthgeckoSkyline,IOPS_175,32,0.0
earthgeckoSkyline,IOPS_175,33,0.0
earthgeckoSkyline,IOPS_175,34,0.0
earthgeckoSkyline,IOPS_175,35,0.0
earthgeckoSkyline,IOPS_175,36,0.0
earthgeckoSkyline,IOPS_175,37,0.0
earthgeckoSkyline,IOPS_175,38,0.0
earthgeckoSkyline,IOPS_175,39,0.0
earthgeckoSkyline,IOPS_175,40,0.0
earthgeckoSkyline,IOPS_175,41,0.0
earthgeckoSkyline,IOPS_175,42,0.0
earthgeckoSkyline,IOPS_175,43,0.0
earthgeckoSkyline,IOPS_175,44,0.0
earthgeckoSkyline,IOPS_175,45,0.0
earthgeckoSkyline,IOPS_175,46,0.0
earthgeckoSkyline,IOPS_175,47,0.0
earthgeckoSkyline,IOPS_175,48,0.0
earthgeckoSkyline,IOPS_175,49,0.0
earthgeckoSkyline,IOPS_175,50,0.0
earthgeckoSkyline,IOPS_175,51,0.0
earthgeckoSkyline,IOPS_175,52,0.0
earthgeckoSkyline,IOPS_175,53,0.0
earthgeckoSkyline,IOPS_175,54,0.0
earthgeckoSkyline,IOPS_175,55,0.0
earthgeckoSkyline,IOPS_175,56,0.0
earthgeckoSkyline,IOPS_175,57,0.0
earthgeckoSkyline,IOPS_175,58,0.0
earthgeckoSkyline,IOPS_175,59,0.0
earthgeckoSkyline,IOPS_175,60,0.0
earthgeckoSkyline,IOPS_175,61,0.0
earthgeckoSkyline,IOPS_175,62,0.0
earthgeckoSkyline,IOPS_175,63,0.0
earthgeckoSkyline,IOPS_175,64,0.0
earthgeckoSkyline,IOPS_175,65,0.0
earthgeckoSkyline,IOPS_175,66,0.0
earthgeckoSkyline,IOPS_175,67,0.0
earthgeckoSkyline,IOPS_175,68,0.0
earthgeckoSkyline,IOPS_175,69,0.0
earthgeckoSkyline,IOPS_175,70,0.0
earthgeckoSkyline,IOPS_175,71,0.0
earthgeckoSkyline,IOPS_175,72,0.0
earthgeckoSkyline,IOPS_175,73,0.0
earthgeckoSkyline,IOPS_175,74,0.0
earthgeckoSkyline,IOPS_175,75,0.0
earthgeckoSkyline,IOPS_175,76,0.0
earthgeckoSkyline,IOPS_175,77,0.0
earthgeckoSkyline,IOPS_175,78,0.0
earthgeckoSkyline,IOPS_175,79,0.0
earthgeckoSkyline,IOPS_175,80,0.0
earthgeckoSkyline,IOPS_175,81,0.0
earthgeckoSkyline,IOPS_175,82,0.0
earthgeckoSkyline,IOPS_175,83,0.0
earthgeckoSkyline,IOPS_175,84,0.0
earthgeckoSkyline,IOPS_175,85,0.0
earthgeckoSkyline,IOPS_175,86,0.0
earthgeckoSkyline,IOPS_175,87,0.0
earthgeckoSkyline,IOPS_175,88,0.0
earthgeckoSkyline,IOPS_175,89,0.0
earthgeckoSkyline,IOPS_175,90,0.0
earthgeckoSkyline,IOPS_175,91,0.0
earthgeckoSkyline,IOPS_175,92,0.0
earthgeckoSkyline,IOPS_175,93,0.0
earthgeckoSkyline,IOPS_175,94,0.0
earthgeckoSkyline,IOPS_175,95,0.0
earthgeckoSkyline,IOPS_175,96,0.0
earthgeckoSkyline,IOPS_175,97,0.0
earthgeckoSkyline,IOPS_175,98,0.0
earthgeckoSkyline,IOPS_175,99,0.0
earthgeckoSkyline,IOPS_175,100,0.0
earthgeckoSkyline,IOPS_175,101,0.0
earthgeckoSkyline,IOPS_175,102,0.0
earthgeckoSkyline,IOPS_175,103,0.0
earthgeckoSkyline,IOPS_175,104,0.0
earthgeckoSkyline,IOPS_175,105,0.0
earthgeckoSkyline,IOPS_175,106,0.0
earthgeckoSkyline,IOPS_175,107,0.0
earthgeckoSkyline,IOPS_175,108,0.0
earthgeckoSkyline,IOPS_175,109,0.0
earthgeckoSkyline,IOPS_175,110,0.0
earthgeckoSkyline,IOPS_175,111,0.0
earthgeckoSkyline,IOPS_175,112,0.0
earthgeckoSkyline,IOPS_175,113,0.0
earthgeckoSkyline,IOPS_175,114,0.0
earthgeckoSkyline,IOPS_175,115,0.0
earthgeckoSkyline,IOPS_175,116,0.0
earthgeckoSkyline,IOPS_175,117,0.0
earthgeckoSkyline,IOPS_175,118,0.0
earthgeckoSkyline,IOPS_175,119,0.0
earthgeckoSkyline,IOPS_175,120,0.0
earthgeckoSkyline,IOPS_175,121,0.0
earthgeckoSkyline,IOPS_175,122,0.0
earthgeckoSkyline,IOPS_175,123,0.0
earthgeckoSkyline,IOPS_175,124,0.0
earthgeckoSkyline,IOPS_175,125,0.0
earthgeckoSkyline,IOPS_175,126,0.0
earthgeckoSkyline,IOPS_175,127,0.0
earthgeckoSkyline,IOPS_175,128,0.0
earthgeckoSkyline,IOPS_175,129,0.0
earthgeckoSkyline,IOPS_175,130,0.0
earthgeckoSkyline,IOPS_175,131,0.0
earthgeckoSkyline,IOPS_175,132,0.0
earthgeckoSkyline,IOPS_175,133,0.0
earthgeckoSkyline,IOPS_175,134,0.0
earthgeckoSkyline,IOPS_175,135,0.0
earthgeckoSkyline,IOPS_175,136,0.0
earthgeckoSkyline,IOPS_175,137,0.0
earthgeckoSkyline,IOPS_175,138,0.0
earthgeckoSkyline,IOPS_175,139,0.0
earthgeckoSkyline,IOPS_175,140,0.0
earthgeckoSkyline,IOPS_175,141,0.0
earthgeckoSkyline,IOPS_175,142,0.0
earthgeckoSkyline,IOPS_175,143,0.0
earthgeckoSkyline,IOPS_175,144,0.0
earthgeckoSkyline,IOPS_175,145,0.0
earthgeckoSkyline,IOPS_175,146,0.0
earthgeckoSkyline,IOPS_175,147,0.0
earthgeckoSkyline,IOPS_175,148,0.0
earthgeckoSkyline,IOPS_175,149,0.0
earthgeckoSkyline,IOPS_175,150,0.0
earthgeckoSkyline,IOPS_175,151,0.0
earthgeckoSkyline,IOPS_175,152,0.0
earthgeckoSkyline,IOPS_175,153,0.0
earthgeckoSkyline,IOPS_175,154,0.0
earthgeckoSkyline,IOPS_175,155,0.0
earthgeckoSkyline,IOPS_175,156,0.0
earthgeckoSkyline,IOPS_175,157,0.0
earthgeckoSkyline,IOPS_175,158,0.0
earthgeckoSkyline,IOPS_175,159,0.0
earthgeckoSkyline,IOPS_175,160,0.0
earthgeckoSkyline,IOPS_175,161,0.0
earthgeckoSkyline,IOPS_175,162,0.0
earthgeckoSkyline,IOPS_175,163,0.0
earthgeckoSkyline,IOPS_175,164,0.0
earthgeckoSkyline,IOPS_175,165,0.0
earthgeckoSkyline,IOPS_175,166,0.0
earthgeckoSkyline,IOPS_175,167,0.0
earthgeckoSkyline,IOPS_175,168,0.0
earthgeckoSkyline,IOPS_175,169,0.0
earthgeckoSkyline,IOPS_175,170,0.0
earthgeckoSkyline,IOPS_175,171,0.0
earthgeckoSkyline,IOPS_175,172,0.0
earthgeckoSkyline,IOPS_175,173,0.0
earthgeckoSkyline,IOPS_175,174,0.0
earthgeckoSkyline,IOPS_175,175,0.0
earthgeckoSkyline,IOPS_175,176,0.0
earthgeckoSkyline,IOPS_175,177,0.0
earthgeckoSkyline,IOPS_175,178,0.0
earthgeckoSkyline,IOPS_175,179,0.0
earthgeckoSkyline,IOPS_175,180,0.0
earthgeckoSkyline,IOPS_175,181,0.0
earthgeckoSkyline,IOPS_175,182,0.0
earthgeckoSkyline,IOPS_175,183,0.0
earthgeckoSkyline,IOPS_175,184,0.0
earthgeckoSkyline,IOPS_175,185,0.0
earthgeckoSkyline,IOPS_175,186,0.0
earthgeckoSkyline,IOPS_175,187,0.0
earthgeckoSkyline,IOPS_175,188,0.0
earthgeckoSkyline,IOPS_175,189,0.0
earthgeckoSkyline,IOPS_175,190,0.0
earthgeckoSkyline,IOPS_175,191,0.0
earthgeckoSkyline,IOPS_175,192,0.0
earthgeckoSkyline,IOPS_175,193,0.0
earthgeckoSkyline,IOPS_175,194,0.0
earthgeckoSkyline,IOPS_175,195,0.0
earthgeckoSkyline,IOPS_175,196,0.0
earthgeckoSkyline,IOPS_175,197,0.0
earthgeckoSkyline,IOPS_175,198,0.0
earthgeckoSkyline,IOPS_175,199,0.0
earthgeckoSkyline,IOPS_175,200,0.0
earthgeckoSkyline,IOPS_175,201,0.0
earthgeckoSkyline,IOPS_175,202,0.0
earthgeckoSkyline,IOPS_175,203,0.0
earthgeckoSkyline,IOPS_175,204,0.0
earthgeckoSkyline,IOPS_175,205,0.0
earthgeckoSkyline,IOPS_175,206,0.0
earthgeckoSkyline,IOPS_175,207,0.0
earthgeckoSkyline,IOPS_175,208,0.0
earthgeckoSkyline,IOPS_175,209,0.0
earthgeckoSkyline,IOPS_175,210,0.0
earthgeckoSkyline,IOPS_175,211,0.0
earthgeckoSkyline,IOPS_175,212,0.0
earthgeckoSkyline,IOPS_175,213,0.0
earthgeckoSkyline,IOPS_175,214,0.0
earthgeckoSkyline,IOPS_175,215,0.0
earthgeckoSkyline,IOPS_175,216,0.0
earthgeckoSkyline,IOPS_175,217,0.0
earthgeckoSkyline,IOPS_175,218,0.0
earthgeckoSkyline,IOPS_175,219,0.0
earthgeckoSkyline,IOPS_175,220,0.0
earthgeckoSkyline,IOPS_175,221,0.0
earthgeckoSkyline,IOPS_175,222,0.0
earthgeckoSkyline,IOPS_175,223,0.0
earthgeckoSkyline,IOPS_175,224,0.0
earthgeckoSkyline,IOPS_175,225,0.0
earthgeckoSkyline,IOPS_175,226,0.0
earthgeckoSkyline,IOPS_175,227,0.0
earthgeckoSkyline,IOPS_175,228,0.0
earthgeckoSkyline,IOPS_175,229,0.0
earthgeckoSkyline,IOPS_175,230,0.0
earthgeckoSkyline,IOPS_175,231,0.0
earthgeckoSkyline,IOPS_175,232,0.0
earthgeckoSkyline,IOPS_175,233,0.0
earthgeckoSkyline,IOPS_175,234,0.0
earthgeckoSkyline,IOPS_175,235,0.0
earthgeckoSkyline,IOPS_175,236,0.0
earthgeckoSkyline,IOPS_175,237,0.0
earthgeckoSkyline,IOPS_175,238,0.0
earthgeckoSkyline,IOPS_175,239,0.0
earthgeckoSkyline,IOPS_175,240,0.0
earthgeckoSkyline,IOPS_175,241,0.0
earthgeckoSkyline,IOPS_175,242,0.0
earthgeckoSkyline,IOPS_175,243,0.0
earthgeckoSkyline,IOPS_175,244,0.0
earthgeckoSkyline,IOPS_175,245,0.0
earthgeckoSkyline,IOPS_175,246,0.0
earthgeckoSkyline,IOPS_175,247,0.0
earthgeckoSkyline,IOPS_175,248,0.0
earthgeckoSkyline,IOPS_175,249,0.0
earthgeckoSkyline,IOPS_175,250,0.0
earthgeckoSkyline,IOPS_175,251,0.0
earthgeckoSkyline,IOPS_175,252,0.0
earthgeckoSkyline,IOPS_175,253,0.0
earthgeckoSkyline,IOPS_175,254,0.0
earthgeckoSkyline,IOPS_175,255,0.0
earthgeckoSkyline,IOPS_175,256,0.0
earthgeckoSkyline,IOPS_175,257,0.0
earthgeckoSkyline,IOPS_175,258,0.0
earthgeckoSkyline,IOPS_175,259,0.0
earthgeckoSkyline,IOPS_175,260,0.0
earthgeckoSkyline,IOPS_175,261,0.0
earthgeckoSkyline,IOPS_175,262,0.0
earthgeckoSkyline,IOPS_175,263,0.0
earthgeckoSkyline,IOPS_175,264,0.0
earthgeckoSkyline,IOPS_175,265,0.0
earthgeckoSkyline,IOPS_175,266,0.0
earthgeckoSkyline,IOPS_175,267,0.0
earthgeckoSkyline,IOPS_175,268,0.0
earthgeckoSkyline,IOPS_175,269,0.0
earthgeckoSkyline,IOPS_175,270,0.0
earthgeckoSkyline,IOPS_175,271,0.0
earthgeckoSkyline,IOPS_175,272,0.0
earthgeckoSkyline,IOPS_175,273,0.0
earthgeckoSkyline,IOPS_175,274,0.0
earthgeckoSkyline,IOPS_175,275,0.0
earthgeckoSkyline,IOPS_175,276,0.0
earthgeckoSkyline,IOPS_175,277,0.0
earthgeckoSkyline,IOPS_175,278,0.0
earthgeckoSkyline,IOPS_175,279,0.0
earthgeckoSkyline,IOPS_175,280,0.0
earthgeckoSkyline,IOPS_175,281,0.0
earthgeckoSkyline,IOPS_175,282,0.0
earthgeckoSkyline,IOPS_175,283,0.0
earthgeckoSkyline,IOPS_175,284,0.0
earthgeckoSkyline,IOPS_175,285,0.0
earthgeckoSkyline,IOPS_175,286,0.0
earthgeckoSkyline,IOPS_175,287,0.0
earthgeckoSkyline,IOPS_175,288,0.0
earthgeckoSkyline,IOPS_175,289,0.0
earthgeckoSkyline,IOPS_175,290,0.0
earthgeckoSkyline,IOPS_175,291,0.0
earthgeckoSkyline,IOPS_175,292,0.0
earthgeckoSkyline,IOPS_175,293,0.0
earthgeckoSkyline,IOPS_175,294,0.0
earthgeckoSkyline,IOPS_175,295,0.0
earthgeckoSkyline,IOPS_175,296,0.0
earthgeckoSkyline,IOPS_175,297,0.0
earthgeckoSkyline,IOPS_175,298,0.0
earthgeckoSkyline,IOPS_175,299,0.0
earthgeckoSkyline,IOPS_175,300,0.0
earthgeckoSkyline,IOPS_175,301,0.0
earthgeckoSkyline,IOPS_175,302,0.0
earthgeckoSkyline,IOPS_175,303,0.0
earthgeckoSkyline,IOPS_175,304,0.0
earthgeckoSkyline,IOPS_175,305,0.0
earthgeckoSkyline,IOPS_175,306,0.0
earthgeckoSkyline,IOPS_175,307,0.0
earthgeckoSkyline,IOPS_175,308,0.0
earthgeckoSkyline,IOPS_175,309,0.0
earthgeckoSkyline,IOPS_175,310,0.0
earthgeckoSkyline,IOPS_175,311,0.0
earthgeckoSkyline,IOPS_175,312,0.0
earthgeckoSkyline,IOPS_175,313,0.0
earthgeckoSkyline,IOPS_175,314,0.0
earthgeckoSkyline,IOPS_175,315,0.0
earthgeckoSkyline,IOPS_175,316,0.0
earthgeckoSkyline,IOPS_175,317,0.0
earthgeckoSkyline,IOPS_175,318,0.0
earthgeckoSkyline,IOPS_175,319,0.0
earthgeckoSkyline,IOPS_175,320,0.0
earthgeckoSkyline,IOPS_175,321,0.0
earthgeckoSkyline,IOPS_175,322,0.0
earthgeckoSkyline,IOPS_175,323,0.0
earthgeckoSkyline,IOPS_175,324,0.0
earthgeckoSkyline,IOPS_175,325,0.0
earthgeckoSkyline,IOPS_175,326,0.0
earthgeckoSkyline,IOPS_175,327,0.0
earthgeckoSkyline,IOPS_175,328,0.0
earthgeckoSkyline,IOPS_175,329,0.0
earthgeckoSkyline,IOPS_175,330,0.0
earthgeckoSkyline,IOPS_175,331,0.0
earthgeckoSkyline,IOPS_175,332,0.0
earthgeckoSkyline,IOPS_175,333,0.0
earthgeckoSkyline,IOPS_175,334,0.0
earthgeckoSkyline,IOPS_175,335,0.0
earthgeckoSkyline,IOPS_175,336,0.0
earthgeckoSkyline,IOPS_175,337,0.0
earthgeckoSkyline,IOPS_175,338,0.0
earthgeckoSkyline,IOPS_175,339,0.0
earthgeckoSkyline,IOPS_175,340,0.0
earthgeckoSkyline,IOPS_175,341,0.0
earthgeckoSkyline,IOPS_175,342,0.0
earthgeckoSkyline,IOPS_175,343,0.0
earthgeckoSkyline,IOPS_175,344,0.0
earthgeckoSkyline,IOPS_175,345,0.0
earthgeckoSkyline,IOPS_175,346,0.0
earthgeckoSkyline,IOPS_175,347,0.0
earthgeckoSkyline,IOPS_175,348,0.0
earthgeckoSkyline,IOPS_175,349,0.0
earthgeckoSkyline,IOPS_175,350,0.0
earthgeckoSkyline,IOPS_175,351,0.0
earthgeckoSkyline,IOPS_175,352,0.0
earthgeckoSkyline,IOPS_175,353,0.0
earthgeckoSkyline,IOPS_175,354,0.0
earthgeckoSkyline,IOPS_175,355,0.0
earthgeckoSkyline,IOPS_175,356,0.0
earthgeckoSkyline,IOPS_175,357,0.0
earthgeckoSkyline,IOPS_175,358,0.0
earthgeckoSkyline,IOPS_175,359,0.0
earthgeckoSkyline,IOPS_175,360,0.0
earthgeckoSkyline,IOPS_175,361,0.0
earthgeckoSkyline,IOPS_175,362,0.0
earthgeckoSkyline,IOPS_175,363,0.0
earthgeckoSkyline,IOPS_175,364,0.0
earthgeckoSkyline,IOPS_175,365,0.0
earthgeckoSkyline,IOPS_175,366,0.0
earthgeckoSkyline,IOPS_175,367,0.0
earthgeckoSkyline,IOPS_175,368,0.0
earthgeckoSkyline,IOPS_175,369,0.0
earthgeckoSkyline,IOPS_175,370,0.0
earthgeckoSkyline,IOPS_175,371,0.0
earthgeckoSkyline,IOPS_175,372,0.0
earthgeckoSkyline,IOPS_175,373,0.0
earthgeckoSkyline,IOPS_175,374,0.0
earthgeckoSkyline,IOPS_175,375,0.0
earthgeckoSkyline,IOPS_175,376,0.0
earthgeckoSkyline,IOPS_175,377,0.0
earthgeckoSkyline,IOPS_175,378,0.0
earthgeckoSkyline,IOPS_175,379,0.0
earthgeckoSkyline,IOPS_175,380,0.0
earthgeckoSkyline,IOPS_175,381,0.0
earthgeckoSkyline,IOPS_175,382,0.0
earthgeckoSkyline,IOPS_175,383,0.0
earthgeckoSkyline,IOPS_175,384,0.0
earthgeckoSkyline,IOPS_175,385,0.0
earthgeckoSkyline,IOPS_175,386,0.0
earthgeckoSkyline,IOPS_175,387,0.0
earthgeckoSkyline,IOPS_175,388,0.0
earthgeckoSkyline,IOPS_175,389,0.0
earthgeckoSkyline,IOPS_175,390,0.0
earthgeckoSkyline,IOPS_175,391,0.0
earthgeckoSkyline,IOPS_175,392,0.0
earthgeckoSkyline,IOPS_175,393,0.0
earthgeckoSkyline,IOPS_175,394,0.0
earthgeckoSkyline,IOPS_175,395,0.0
earthgeckoSkyline,IOPS_175,396,0.0
earthgeckoSkyline,IOPS_175,397,0.0
earthgeckoSkyline,IOPS_175,398,0.0
earthgeckoSkyline,IOPS_175,399,0.0
earthgeckoSkyline,IOPS_175,400,0.0
earthgeckoSkyline,IOPS_175,401,0.0
earthgeckoSkyline,IOPS_175,402,0.0
earthgeckoSkyline,IOPS_175,403,0.0
earthgeckoSkyline,IOPS_175,404,0.0
earthgeckoSkyline,IOPS_175,405,0.0
earthgeckoSkyline,IOPS_175,406,0.0
earthgeckoSkyline,IOPS_175,407,0.0
earthgeckoSkyline,IOPS_175,408,0.0
earthgeckoSkyline,IOPS_175,409,0.0
earthgeckoSkyline,IOPS_175,410,0.0
earthgeckoSkyline,IOPS_175,411,0.0
earthgeckoSkyline,IOPS_175,412,0.0
earthgeckoSkyline,IOPS_175,413,0.0
earthgeckoSkyline,IOPS_175,414,0.0
earthgeckoSkyline,IOPS_175,415,0.0
earthgeckoSkyline,IOPS_175,416,0.0
earthgeckoSkyline,IOPS_175,417,0.0
earthgeckoSkyline,IOPS_175,418,0.0
earthgeckoSkyline,IOPS_175,419,0.0
earthgeckoSkyline,IOPS_175,420,0.0
earthgeckoSkyline,IOPS_175,421,0.0
earthgeckoSkyline,IOPS_175,422,0.0
earthgeckoSkyline,IOPS_175,423,0.0
earthgeckoSkyline,IOPS_175,424,0.0
earthgeckoSkyline,IOPS_175,425,0.0
earthgeckoSkyline,IOPS_175,426,0.0
earthgeckoSkyline,IOPS_175,427,0.0
earthgeckoSkyline,IOPS_175,428,0.0
earthgeckoSkyline,IOPS_175,429,0.0
earthgeckoSkyline,IOPS_175,430,0.0
earthgeckoSkyline,IOPS_175,431,0.0
earthgeckoSkyline,IOPS_175,432,0.0
earthgeckoSkyline,IOPS_175,433,0.0
earthgeckoSkyline,IOPS_175,434,0.0
earthgeckoSkyline,IOPS_175,435,0.0
earthgeckoSkyline,IOPS_175,436,0.0
earthgeckoSkyline,IOPS_175,437,0.0
earthgeckoSkyline,IOPS_175,438,0.0
earthgeckoSkyline,IOPS_175,439,0.0
earthgeckoSkyline,IOPS_175,440,0.0
earthgeckoSkyline,IOPS_175,441,0.0
earthgeckoSkyline,IOPS_175,442,0.0
earthgeckoSkyline,IOPS_175,443,0.0
earthgeckoSkyline,IOPS_175,444,0.0
earthgeckoSkyline,IOPS_175,445,0.0
earthgeckoSkyline,IOPS_175,446,0.0
earthgeckoSkyline,IOPS_175,447,0.0
earthgeckoSkyline,IOPS_175,448,0.0
earthgeckoSkyline,IOPS_175,449,0.0
earthgeckoSkyline,IOPS_175,450,0.0
earthgeckoSkyline,IOPS_175,451,0.0
earthgeckoSkyline,IOPS_175,452,0.0
earthgeckoSkyline,IOPS_175,453,0.0
earthgeckoSkyline,IOPS_175,454,0.0
earthgeckoSkyline,IOPS_175,455,0.0
earthgeckoSkyline,IOPS_175,456,0.0
earthgeckoSkyline,IOPS_175,457,0.0
earthgeckoSkyline,IOPS_175,458,0.0
earthgeckoSkyline,IOPS_175,459,0.0
earthgeckoSkyline,IOPS_175,460,0.0
earthgeckoSkyline,IOPS_175,461,0.0
earthgeckoSkyline,IOPS_175,462,0.0
earthgeckoSkyline,IOPS_175,463,0.0
earthgeckoSkyline,IOPS_175,464,0.0
earthgeckoSkyline,IOPS_175,465,0.0
earthgeckoSkyline,IOPS_175,466,0.0
earthgeckoSkyline,IOPS_175,467,0.0
earthgeckoSkyline,IOPS_175,468,0.0
earthgeckoSkyline,IOPS_175,469,0.0
earthgeckoSkyline,IOPS_175,470,0.0
earthgeckoSkyline,IOPS_175,471,0.0
earthgeckoSkyline,IOPS_175,472,0.0
earthgeckoSkyline,IOPS_175,473,0.0
earthgeckoSkyline,IOPS_175,474,0.0
earthgeckoSkyline,IOPS_175,475,0.0
earthgeckoSkyline,IOPS_175,476,0.0
earthgeckoSkyline,IOPS_175,477,0.0
earthgeckoSkyline,IOPS_175,478,0.0
earthgeckoSkyline,IOPS_175,479,0.0
earthgeckoSkyline,IOPS_175,480,0.0
earthgeckoSkyline,IOPS_175,481,0.0
earthgeckoSkyline,IOPS_175,482,0.0
earthgeckoSkyline,IOPS_175,483,0.0
earthgeckoSkyline,IOPS_175,484,0.0
earthgeckoSkyline,IOPS_175,485,0.0
earthgeckoSkyline,IOPS_175,486,0.0
earthgeckoSkyline,IOPS_175,487,0.0
earthgeckoSkyline,IOPS_175,488,0.0
earthgeckoSkyline,IOPS_175,489,0.0
earthgeckoSkyline,IOPS_175,490,0.0
earthgeckoSkyline,IOPS_175,491,0.0
earthgeckoSkyline,IOPS_175,492,0.0
earthgeckoSkyline,IOPS_175,493,0.0
earthgeckoSkyline,IOPS_175,494,0.0
earthgeckoSkyline,IOPS_175,495,0.0
earthgeckoSkyline,IOPS_175,496,0.0
earthgeckoSkyline,IOPS_175,497,0.0
earthgeckoSkyline,IOPS_175,498,0.0
earthgeckoSkyline,IOPS_175,499,0.0
earthgeckoSkyline,IOPS_175,500,0.0
earthgeckoSkyline,IOPS_175,501,0.0
earthgeckoSkyline,IOPS_175,502,0.0
earthgeckoSkyline,IOPS_175,503,0.0
earthgeckoSkyline,IOPS_175,504,0.0
earthgeckoSkyline,IOPS_175,505,0.0
earthgeckoSkyline,IOPS_175,506,0.0
earthgeckoSkyline,IOPS_175,507,0.0
earthgeckoSkyline,IOPS_175,508,0.0
earthgeckoSkyline,IOPS_175,509,0.0
earthgeckoSkyline,IOPS_175,510,0.0
earthgeckoSkyline,IOPS_175,511,0.0
earthgeckoSkyline,IOPS_175,512,0.0
earthgeckoSkyline,IOPS_175,513,0.0
earthgeckoSkyline,IOPS_175,514,0.0
earthgeckoSkyline,IOPS_175,515,0.0
earthgeckoSkyline,IOPS_175,516,0.0
earthgeckoSkyline,IOPS_175,517,0.0
earthgeckoSkyline,IOPS_175,518,0.0
earthgeckoSkyline,IOPS_175,519,0.0
earthgeckoSkyline,IOPS_175,520,0.0
earthgeckoSkyline,IOPS_175,521,0.0
earthgeckoSkyline,IOPS_175,522,0.0
earthgeckoSkyline,IOPS_175,523,0.0
earthgeckoSkyline,IOPS_175,524,0.0
earthgeckoSkyline,IOPS_175,525,0.0
earthgeckoSkyline,IOPS_175,526,0.0
earthgeckoSkyline,IOPS_175,527,0.0
earthgeckoSkyline,IOPS_175,528,0.0
earthgeckoSkyline,IOPS_175,529,0.0
earthgeckoSkyline,IOPS_175,530,0.0
earthgeckoSkyline,IOPS_175,531,0.0
earthgeckoSkyline,IOPS_175,532,0.0
earthgeckoSkyline,IOPS_175,533,0.0
earthgeckoSkyline,IOPS_175,534,0.0
earthgeckoSkyline,IOPS_175,535,0.0
earthgeckoSkyline,IOPS_175,536,0.0
earthgeckoSkyline,IOPS_175,537,0.0
earthgeckoSkyline,IOPS_175,538,0.0
earthgeckoSkyline,IOPS_175,539,0.0
earthgeckoSkyline,IOPS_175,540,0.0
earthgeckoSkyline,IOPS_175,541,0.0
earthgeckoSkyline,IOPS_175,542,0.0
earthgeckoSkyline,IOPS_175,543,0.0
earthgeckoSkyline,IOPS_175,544,0.0
earthgeckoSkyline,IOPS_175,545,0.0
earthgeckoSkyline,IOPS_175,546,0.0
earthgeckoSkyline,IOPS_175,547,0.0
earthgeckoSkyline,IOPS_175,548,0.0
earthgeckoSkyline,IOPS_175,549,0.0
earthgeckoSkyline,IOPS_175,550,0.0
earthgeckoSkyline,IOPS_175,551,0.0
earthgeckoSkyline,IOPS_175,552,0.0
earthgeckoSkyline,IOPS_175,553,0.0
earthgeckoSkyline,IOPS_175,554,0.0
earthgeckoSkyline,IOPS_175,555,0.0
earthgeckoSkyline,IOPS_175,556,0.0
earthgeckoSkyline,IOPS_175,557,0.0
earthgeckoSkyline,IOPS_175,558,0.0
earthgeckoSkyline,IOPS_175,559,0.0
earthgeckoSkyline,IOPS_175,560,0.0
earthgeckoSkyline,IOPS_175,561,0.0
earthgeckoSkyline,IOPS_175,562,0.0
earthgeckoSkyline,IOPS_175,563,0.0
earthgeckoSkyline,IOPS_175,564,0.0
earthgeckoSkyline,IOPS_175,565,0.0
earthgeckoSkyline,IOPS_175,566,0.0
earthgeckoSkyline,IOPS_175,567,0.0
earthgeckoSkyline,IOPS_175,568,0.0
earthgeckoSkyline,IOPS_175,569,0.0
earthgeckoSkyline,IOPS_175,570,0.0
earthgeckoSkyline,IOPS_175,571,0.0
earthgeckoSkyline,IOPS_175,572,0.0
earthgeckoSkyline,IOPS_175,573,0.0
earthgeckoSkyline,IOPS_175,574,0.0
earthgeckoSkyline,IOPS_175,575,0.0
earthgeckoSkyline,IOPS_175,576,0.0
earthgeckoSkyline,IOPS_175,577,0.0
earthgeckoSkyline,IOPS_175,578,0.0
earthgeckoSkyline,IOPS_175,579,0.0
earthgeckoSkyline,IOPS_175,580,0.0
earthgeckoSkyline,IOPS_175,581,0.0
earthgeckoSkyline,IOPS_175,582,0.0
earthgeckoSkyline,IOPS_175,583,0.0
earthgeckoSkyline,IOPS_175,584,0.0
earthgeckoSkyline,IOPS_175,585,0.0
earthgeckoSkyline,IOPS_175,586,0.0
earthgeckoSkyline,IOPS_175,587,0.0
earthgeckoSkyline,IOPS_175,588,0.0
earthgeckoSkyline,IOPS_175,589,0.0
earthgeckoSkyline,IOPS_175,590,0.0
earthgeckoSkyline,IOPS_175,591,0.0
earthgeckoSkyline,IOPS_175,592,0.0
earthgeckoSkyline,IOPS_175,593,0.0
earthgeckoSkyline,IOPS_175,594,0.0
earthgeckoSkyline,IOPS_175,595,0.0
earthgeckoSkyline,IOPS_175,596,0.0
earthgeckoSkyline,IOPS_175,597,0.0
earthgeckoSkyline,IOPS_175,598,0.0
earthgeckoSkyline,IOPS_175,599,0.0
earthgeckoSkyline,IOPS_175,600,0.0
earthgeckoSkyline,IOPS_175,601,0.0
earthgeckoSkyline,IOPS_175,602,0.0
earthgeckoSkyline,IOPS_175,603,0.0
earthgeckoSkyline,IOPS_175,604,0.0
earthgeckoSkyline,IOPS_175,605,0.0
earthgeckoSkyline,IOPS_175,606,0.0
earthgeckoSkyline,IOPS_175,607,0.0
earthgeckoSkyline,IOPS_175,608,0.0
earthgeckoSkyline,IOPS_175,609,0.0
earthgeckoSkyline,IOPS_175,610,0.0
earthgeckoSkyline,IOPS_175,611,0.0
earthgeckoSkyline,IOPS_175,612,0.0
earthgeckoSkyline,IOPS_175,613,0.0
earthgeckoSkyline,IOPS_175,614,0.0
earthgeckoSkyline,IOPS_175,615,0.0
earthgeckoSkyline,IOPS_175,616,0.0
earthgeckoSkyline,IOPS_175,617,0.0
earthgeckoSkyline,IOPS_175,618,0.0
earthgeckoSkyline,IOPS_175,619,0.0
earthgeckoSkyline,IOPS_175,620,0.0
earthgeckoSkyline,IOPS_175,621,0.0
earthgeckoSkyline,IOPS_175,622,0.0
earthgeckoSkyline,IOPS_175,623,0.0
earthgeckoSkyline,IOPS_175,624,0.0
earthgeckoSkyline,IOPS_175,625,0.0
earthgeckoSkyline,IOPS_175,626,0.0
earthgeckoSkyline,IOPS_175,627,0.0
earthgeckoSkyline,IOPS_175,628,0.0
earthgeckoSkyline,IOPS_175,629,0.0
earthgeckoSkyline,IOPS_175,630,0.0
earthgeckoSkyline,IOPS_175,631,0.0
earthgeckoSkyline,IOPS_175,632,0.0
earthgeckoSkyline,IOPS_175,633,0.0
earthgeckoSkyline,IOPS_175,634,0.0
earthgeckoSkyline,IOPS_175,635,0.0
earthgeckoSkyline,IOPS_175,636,0.0
earthgeckoSkyline,IOPS_175,637,0.0
earthgeckoSkyline,IOPS_175,638,0.0
earthgeckoSkyline,IOPS_175,639,0.0
earthgeckoSkyline,IOPS_175,640,0.0
earthgeckoSkyline,IOPS_175,641,0.0
earthgeckoSkyline,IOPS_175,642,0.0
earthgeckoSkyline,IOPS_175,643,0.0
earthgeckoSkyline,IOPS_175,644,0.0
earthgeckoSkyline,IOPS_175,645,0.0
earthgeckoSkyline,IOPS_175,646,0.0
earthgeckoSkyline,IOPS_175,647,0.0
earthgeckoSkyline,IOPS_175,648,0.0
earthgeckoSkyline,IOPS_175,649,0.0
earthgeckoSkyline,IOPS_175,650,0.0
earthgeckoSkyline,IOPS_175,651,0.0
earthgeckoSkyline,IOPS_175,652,0.0
earthgeckoSkyline,IOPS_175,653,0.0
earthgeckoSkyline,IOPS_175,654,0.0
earthgeckoSkyline,IOPS_175,655,0.0
earthgeckoSkyline,IOPS_175,656,0.0
earthgeckoSkyline,IOPS_175,657,0.0
earthgeckoSkyline,IOPS_175,658,0.0
earthgeckoSkyline,IOPS_175,659,0.0
earthgeckoSkyline,IOPS_175,660,0.0
earthgeckoSkyline,IOPS_175,661,0.0
earthgeckoSkyline,IOPS_175,662,0.0
earthgeckoSkyline,IOPS_175,663,0.0
earthgeckoSkyline,IOPS_175,664,0.0
earthgeckoSkyline,IOPS_175,665,0.0
earthgeckoSkyline,IOPS_175,666,0.0
earthgeckoSkyline,IOPS_175,667,0.0
earthgeckoSkyline,IOPS_175,668,0.0
earthgeckoSkyline,IOPS_175,669,0.0
earthgeckoSkyline,IOPS_175,670,0.0
earthgeckoSkyline,IOPS_175,671,0.0
earthgeckoSkyline,IOPS_175,672,0.0
earthgeckoSkyline,IOPS_175,673,0.0
earthgeckoSkyline,IOPS_175,674,0.0
earthgeckoSkyline,IOPS_175,675,0.0
earthgeckoSkyline,IOPS_175,676,0.0
earthgeckoSkyline,IOPS_175,677,0.0
earthgeckoSkyline,IOPS_175,678,0.0
earthgeckoSkyline,IOPS_175,679,0.0
earthgeckoSkyline,IOPS_175,680,0.0
earthgeckoSkyline,IOPS_175,681,0.0
earthgeckoSkyline,IOPS_175,682,0.0
earthgeckoSkyline,IOPS_175,683,0.0
earthgeckoSkyline,IOPS_175,684,0.0
earthgeckoSkyline,IOPS_175,685,0.0
earthgeckoSkyline,IOPS_175,686,0.0
earthgeckoSkyline,IOPS_175,687,0.0
earthgeckoSkyline,IOPS_175,688,0.0
earthgeckoSkyline,IOPS_175,689,0.0
earthgeckoSkyline,IOPS_175,690,0.0
earthgeckoSkyline,IOPS_175,691,0.0
earthgeckoSkyline,IOPS_175,692,0.0
earthgeckoSkyline,IOPS_175,693,0.0
earthgeckoSkyline,IOPS_175,694,0.0
earthgeckoSkyline,IOPS_175,695,0.0
earthgeckoSkyline,IOPS_175,696,0.0
earthgeckoSkyline,IOPS_175,697,0.0
earthgeckoSkyline,IOPS_175,698,0.0
earthgeckoSkyline,IOPS_175,699,0.0
earthgeckoSkyline,IOPS_175,700,0.0
earthgeckoSkyline,IOPS_175,701,0.0
earthgeckoSkyline,IOPS_175,702,0.0
earthgeckoSkyline,IOPS_175,703,0.0
earthgeckoSkyline,IOPS_175,704,0.0
earthgeckoSkyline,IOPS_175,705,0.0
earthgeckoSkyline,IOPS_175,706,0.0
earthgeckoSkyline,IOPS_175,707,0.0
earthgeckoSkyline,IOPS_175,708,0.0
earthgeckoSkyline,IOPS_175,709,0.0
earthgeckoSkyline,IOPS_175,710,0.0
earthgeckoSkyline,IOPS_175,711,0.0
earthgeckoSkyline,IOPS_175,712,0.0
earthgeckoSkyline,IOPS_175,713,0.0
earthgeckoSkyline,IOPS_175,714,0.0
earthgeckoSkyline,IOPS_175,715,0.0
earthgeckoSkyline,IOPS_175,716,0.0
earthgeckoSkyline,IOPS_175,717,0.0
earthgeckoSkyline,IOPS_175,718,0.0
earthgeckoSkyline,IOPS_175,719,0.0
earthgeckoSkyline,IOPS_175,720,0.0
earthgeckoSkyline,IOPS_175,721,0.0
earthgeckoSkyline,IOPS_175,722,0.0
earthgeckoSkyline,IOPS_175,723,0.0
earthgeckoSkyline,IOPS_175,724,0.0
earthgeckoSkyline,IOPS_175,725,0.0
earthgeckoSkyline,IOPS_175,726,0.0
earthgeckoSkyline,IOPS_175,727,0.0
earthgeckoSkyline,IOPS_175,728,0.0
earthgeckoSkyline,IOPS_175,729,0.0
earthgeckoSkyline,IOPS_175,730,0.0
earthgeckoSkyline,IOPS_175,731,0.0
earthgeckoSkyline,IOPS_175,732,0.0
earthgeckoSkyline,IOPS_175,733,0.0
earthgeckoSkyline,IOPS_175,734,0.0
earthgeckoSkyline,IOPS_175,735,0.0
earthgeckoSkyline,IOPS_175,736,0.0
earthgeckoSkyline,IOPS_175,737,0.0
earthgeckoSkyline,IOPS_175,738,0.0
earthgeckoSkyline,IOPS_175,739,0.0
earthgeckoSkyline,IOPS_175,740,0.0
earthgeckoSkyline,IOPS_175,741,0.0
earthgeckoSkyline,IOPS_175,742,0.0
earthgeckoSkyline,IOPS_175,743,0.0
earthgeckoSkyline,IOPS_175,744,0.0
earthgeckoSkyline,IOPS_175,745,0.0
earthgeckoSkyline,IOPS_175,746,0.0
earthgeckoSkyline,IOPS_175,747,0.0
earthgeckoSkyline,IOPS_175,748,0.0
earthgeckoSkyline,IOPS_175,749,0.0
earthgeckoSkyline,IOPS_175,750,0.0
earthgeckoSkyline,IOPS_175,751,0.0
earthgeckoSkyline,IOPS_175,752,0.0
earthgeckoSkyline,IOPS_175,753,0.0
earthgeckoSkyline,IOPS_175,754,0.0
earthgeckoSkyline,IOPS_175,755,0.0
earthgeckoSkyline,IOPS_175,756,0.0
earthgeckoSkyline,IOPS_175,757,0.0
earthgeckoSkyline,IOPS_175,758,0.0
earthgeckoSkyline,IOPS_175,759,0.0
earthgeckoSkyline,IOPS_175,760,0.0
earthgeckoSkyline,IOPS_175,761,0.0
earthgeckoSkyline,IOPS_175,762,0.0
earthgeckoSkyline,IOPS_175,763,0.0
earthgeckoSkyline,IOPS_175,764,0.0
earthgeckoSkyline,IOPS_175,765,0.0
earthgeckoSkyline,IOPS_175,766,0.0
earthgeckoSkyline,IOPS_175,767,0.0
earthgeckoSkyline,IOPS_175,768,0.0
earthgeckoSkyline,IOPS_175,769,0.0
earthgeckoSkyline,IOPS_175,770,0.0
earthgeckoSkyline,IOPS_175,771,0.0
earthgeckoSkyline,IOPS_175,772,0.0
earthgeckoSkyline,IOPS_175,773,0.0
earthgeckoSkyline,IOPS_175,774,0.0
earthgeckoSkyline,IOPS_175,775,0.0
earthgeckoSkyline,IOPS_175,776,0.0
earthgeckoSkyline,IOPS_175,777,0.0
earthgeckoSkyline,IOPS_175,778,0.0
earthgeckoSkyline,IOPS_175,779,0.0
earthgeckoSkyline,IOPS_175,780,0.0
earthgeckoSkyline,IOPS_175,781,0.0
earthgeckoSkyline,IOPS_175,782,0.0
earthgeckoSkyline,IOPS_175,783,0.0
earthgeckoSkyline,IOPS_175,784,0.0
earthgeckoSkyline,IOPS_175,785,0.0
earthgeckoSkyline,IOPS_175,786,0.0
earthgeckoSkyline,IOPS_175,787,0.0
earthgeckoSkyline,IOPS_175,788,0.0
earthgeckoSkyline,IOPS_175,789,0.0
earthgeckoSkyline,IOPS_175,790,0.0
earthgeckoSkyline,IOPS_175,791,0.0
earthgeckoSkyline,IOPS_175,792,0.0
earthgeckoSkyline,IOPS_175,793,0.0
earthgeckoSkyline,IOPS_175,794,0.0
earthgeckoSkyline,IOPS_175,795,0.0
earthgeckoSkyline,IOPS_175,796,0.0
earthgeckoSkyline,IOPS_175,797,0.0
earthgeckoSkyline,IOPS_175,798,0.0
earthgeckoSkyline,IOPS_175,799,0.0
earthgeckoSkyline,IOPS_175,800,0.0
earthgeckoSkyline,IOPS_175,801,0.0
earthgeckoSkyline,IOPS_175,802,0.0
earthgeckoSkyline,IOPS_175,803,0.0
earthgeckoSkyline,IOPS_175,804,0.0
earthgeckoSkyline,IOPS_175,805,0.0
earthgeckoSkyline,IOPS_175,806,0.0
earthgeckoSkyline,IOPS_175,807,0.0
earthgeckoSkyline,IOPS_175,808,0.0
earthgeckoSkyline,IOPS_175,809,0.0
earthgeckoSkyline,IOPS_175,810,0.0
earthgeckoSkyline,IOPS_175,811,0.0
earthgeckoSkyline,IOPS_175,812,0.0
earthgeckoSkyline,IOPS_175,813,0.0
earthgeckoSkyline,IOPS_175,814,0.0
earthgeckoSkyline,IOPS_175,815,0.0
earthgeckoSkyline,IOPS_175,816,0.0
earthgeckoSkyline,IOPS_175,817,0.0
earthgeckoSkyline,IOPS_175,818,0.0
earthgeckoSkyline,IOPS_175,819,0.0
earthgeckoSkyline,IOPS_175,820,0.0
earthgeckoSkyline,IOPS_175,821,0.0
earthgeckoSkyline,IOPS_175,822,0.0
earthgeckoSkyline,IOPS_175,823,0.0
earthgeckoSkyline,IOPS_175,824,0.0
earthgeckoSkyline,IOPS_175,825,0.0
earthgeckoSkyline,IOPS_175,826,0.0
earthgeckoSkyline,IOPS_175,827,0.0
earthgeckoSkyline,IOPS_175,828,0.0
earthgeckoSkyline,IOPS_175,829,0.0
earthgeckoSkyline,IOPS_175,830,0.0
earthgeckoSkyline,IOPS_175,831,0.0
earthgeckoSkyline,IOPS_175,832,0.0
earthgeckoSkyline,IOPS_175,833,0.0
earthgeckoSkyline,IOPS_175,834,0.0
earthgeckoSkyline,IOPS_175,835,0.0
earthgeckoSkyline,IOPS_175,836,0.0
earthgeckoSkyline,IOPS_175,837,0.0
earthgeckoSkyline,IOPS_175,838,0.0
earthgeckoSkyline,IOPS_175,839,0.0
earthgeckoSkyline,IOPS_175,840,0.0
earthgeckoSkyline,IOPS_175,841,0.0
earthgeckoSkyline,IOPS_175,842,0.0
earthgeckoSkyline,IOPS_175,843,0.0
earthgeckoSkyline,IOPS_175,844,0.0
earthgeckoSkyline,IOPS_175,845,0.0
earthgeckoSkyline,IOPS_175,846,0.0
earthgeckoSkyline,IOPS_175,847,0.0
earthgeckoSkyline,IOPS_175,848,0.0
earthgeckoSkyline,IOPS_175,849,0.0
earthgeckoSkyline,IOPS_175,850,0.0
earthgeckoSkyline,IOPS_175,851,0.0
earthgeckoSkyline,IOPS_175,852,0.0
earthgeckoSkyline,IOPS_175,853,0.0
earthgeckoSkyline,IOPS_175,854,0.0
earthgeckoSkyline,IOPS_175,855,0.0
earthgeckoSkyline,IOPS_175,856,0.0
earthgeckoSkyline,IOPS_175,857,0.0
earthgeckoSkyline,IOPS_175,858,0.0
earthgeckoSkyline,IOPS_175,859,0.0
earthgeckoSkyline,IOPS_175,860,0.0
earthgeckoSkyline,IOPS_175,861,0.0
earthgeckoSkyline,IOPS_175,862,0.0
earthgeckoSkyline,IOPS_175,863,0.0
earthgeckoSkyline,IOPS_175,864,0.0
earthgeckoSkyline,IOPS_175,865,0.0
earthgeckoSkyline,IOPS_175,866,0.0
earthgeckoSkyline,IOPS_175,867,0.0
earthgeckoSkyline,IOPS_175,868,0.0
earthgeckoSkyline,IOPS_175,869,0.0
earthgeckoSkyline,IOPS_175,870,0.0
earthgeckoSkyline,IOPS_175,871,0.0
earthgeckoSkyline,IOPS_175,872,0.0
earthgeckoSkyline,IOPS_175,873,0.0
earthgeckoSkyline,IOPS_175,874,0.0
earthgeckoSkyline,IOPS_175,875,0.0
earthgeckoSkyline,IOPS_175,876,0.0
earthgeckoSkyline,IOPS_175,877,0.0
earthgeckoSkyline,IOPS_175,878,0.0
earthgeckoSkyline,IOPS_175,879,0.0
earthgeckoSkyline,IOPS_175,880,0.0
earthgeckoSkyline,IOPS_175,881,0.0
earthgeckoSkyline,IOPS_175,882,0.0
earthgeckoSkyline,IOPS_175,883,0.0
earthgeckoSkyline,IOPS_175,884,0.0
earthgeckoSkyline,IOPS_175,885,0.0
earthgeckoSkyline,IOPS_175,886,0.0
earthgeckoSkyline,IOPS_175,887,0.0
earthgeckoSkyline,IOPS_175,888,0.0
earthgeckoSkyline,IOPS_175,889,0.0
earthgeckoSkyline,IOPS_175,890,0.0
earthgeckoSkyline,IOPS_175,891,0.0
earthgeckoSkyline,IOPS_175,892,0.0
earthgeckoSkyline,IOPS_175,893,0.0
earthgeckoSkyline,IOPS_175,894,0.0
earthgeckoSkyline,IOPS_175,895,0.0
earthgeckoSkyline,IOPS_175,896,0.0
earthgeckoSkyline,IOPS_175,897,0.0
earthgeckoSkyline,IOPS_175,898,0.0
earthgeckoSkyline,IOPS_175,899,0.0
earthgeckoSkyline,IOPS_175,900,0.0
earthgeckoSkyline,IOPS_175,901,0.0
earthgeckoSkyline,IOPS_175,902,0.0
earthgeckoSkyline,IOPS_175,903,0.0
earthgeckoSkyline,IOPS_175,904,0.0
earthgeckoSkyline,IOPS_175,905,0.0
earthgeckoSkyline,IOPS_175,906,0.0
earthgeckoSkyline,IOPS_175,907,0.0
earthgeckoSkyline,IOPS_175,908,0.0
earthgeckoSkyline,IOPS_175,909,0.0
earthgeckoSkyline,IOPS_175,910,0.0
earthgeckoSkyline,IOPS_175,911,0.0
earthgeckoSkyline,IOPS_175,912,0.0
earthgeckoSkyline,IOPS_175,913,0.0
earthgeckoSkyline,IOPS_175,914,0.0
earthgeckoSkyline,IOPS_175,915,0.0
earthgeckoSkyline,IOPS_175,916,0.0
earthgeckoSkyline,IOPS_175,917,0.0
earthgeckoSkyline,IOPS_175,918,0.0
earthgeckoSkyline,IOPS_175,919,0.0
earthgeckoSkyline,IOPS_175,920,0.0
earthgeckoSkyline,IOPS_175,921,0.0
earthgeckoSkyline,IOPS_175,922,0.0
earthgeckoSkyline,IOPS_175,923,0.0
earthgeckoSkyline,IOPS_175,924,0.0
earthgeckoSkyline,IOPS_175,925,0.0
earthgeckoSkyline,IOPS_175,926,0.0
earthgeckoSkyline,IOPS_175,927,0.0
earthgeckoSkyline,IOPS_175,928,0.0
earthgeckoSkyline,IOPS_175,929,0.0
earthgeckoSkyline,IOPS_175,930,0.0
earthgeckoSkyline,IOPS_175,931,0.0
earthgeckoSkyline,IOPS_175,932,0.0
earthgeckoSkyline,IOPS_175,933,0.0
earthgeckoSkyline,IOPS_175,934,0.0
earthgeckoSkyline,IOPS_175,935,0.0
earthgeckoSkyline,IOPS_175,936,0.0
earthgeckoSkyline,IOPS_175,937,0.0
earthgeckoSkyline,IOPS_175,938,0.0
earthgeckoSkyline,IOPS_175,939,0.0
earthgeckoSkyline,IOPS_175,940,0.0
earthgeckoSkyline,IOPS_175,941,0.0
earthgeckoSkyline,IOPS_175,942,0.0
earthgeckoSkyline,IOPS_175,943,0.0
earthgeckoSkyline,IOPS_175,944,0.0
earthgeckoSkyline,IOPS_175,945,0.0
earthgeckoSkyline,IOPS_175,946,0.0
earthgeckoSkyline,IOPS_175,947,0.0
earthgeckoSkyline,IOPS_175,948,0.0
earthgeckoSkyline,IOPS_175,949,0.0
earthgeckoSkyline,IOPS_175,950,0.0
earthgeckoSkyline,IOPS_175,951,0.0
earthgeckoSkyline,IOPS_175,952,0.0
earthgeckoSkyline,IOPS_175,953,0.0
earthgeckoSkyline,IOPS_175,954,0.0
earthgeckoSkyline,IOPS_175,955,0.0
earthgeckoSkyline,IOPS_175,956,0.0
earthgeckoSkyline,IOPS_175,957,0.0
earthgeckoSkyline,IOPS_175,958,0.0
earthgeckoSkyline,IOPS_175,959,0.0
earthgeckoSkyline,IOPS_175,960,0.0
earthgeckoSkyline,IOPS_175,961,0.0
earthgeckoSkyline,IOPS_175,962,0.0
earthgeckoSkyline,IOPS_175,963,0.0
earthgeckoSkyline,IOPS_175,964,0.0
earthgeckoSkyline,IOPS_175,965,0.0
earthgeckoSkyline,IOPS_175,966,0.0
earthgeckoSkyline,IOPS_175,967,0.0
earthgeckoSkyline,IOPS_175,968,0.0
earthgeckoSkyline,IOPS_175,969,0.0
earthgeckoSkyline,IOPS_175,970,0.0
earthgeckoSkyline,IOPS_175,971,0.0
earthgeckoSkyline,IOPS_175,972,0.0
earthgeckoSkyline,IOPS_175,973,0.0
earthgeckoSkyline,IOPS_175,974,0.0
earthgeckoSkyline,IOPS_175,975,0.0
earthgeckoSkyline,IOPS_175,976,0.0
earthgeckoSkyline,IOPS_175,977,0.0
earthgeckoSkyline,IOPS_175,978,0.0
earthgeckoSkyline,IOPS_175,979,0.0
earthgeckoSkyline,IOPS_175,980,0.0
earthgeckoSkyline,IOPS_175,981,0.0
earthgeckoSkyline,IOPS_175,982,0.0
earthgeckoSkyline,IOPS_175,983,0.0
earthgeckoSkyline,IOPS_175,984,0.0
earthgeckoSkyline,IOPS_175,985,0.0
earthgeckoSkyline,IOPS_175,986,0.0
earthgeckoSkyline,IOPS_175,987,0.0
earthgeckoSkyline,IOPS_175,988,0.0
earthgeckoSkyline,IOPS_175,989,0.0
earthgeckoSkyline,IOPS_175,990,0.0
earthgeckoSkyline,IOPS_175,991,0.0
earthgeckoSkyline,IOPS_175,992,0.0
earthgeckoSkyline,IOPS_175,993,0.0
earthgeckoSkyline,IOPS_175,994,0.0
earthgeckoSkyline,IOPS_175,995,0.0
earthgeckoSkyline,IOPS_175,996,0.0
earthgeckoSkyline,IOPS_175,997,0.0
earthgeckoSkyline,IOPS_175,998,0.0
earthgeckoSkyline,IOPS_175,999,0.0
earthgeckoSkyline,IOPS_175,1000,0.0
earthgeckoSkyline,IOPS_175,1001,0.0
earthgeckoSkyline,IOPS_175,1002,0.0
earthgeckoSkyline,IOPS_175,1003,0.0
earthgeckoSkyline,IOPS_175,1004,0.0
earthgeckoSkyline,IOPS_175,1005,0.0
earthgeckoSkyline,IOPS_175,1006,0.0
earthgeckoSkyline,IOPS_175,1007,0.0
earthgeckoSkyline,IOPS_175,1008,0.0
earthgeckoSkyline,IOPS_175,1009,0.0
earthgeckoSkyline,IOPS_175,1010,0.0
earthgeckoSkyline,IOPS_175,1011,0.0
earthgeckoSkyline,IOPS_175,1012,0.0
earthgeckoSkyline,IOPS_175,1013,0.0
earthgeckoSkyline,IOPS_175,1014,0.0
earthgeckoSkyline,IOPS_175,1015,0.0
earthgeckoSkyline,IOPS_175,1016,0.0
earthgeckoSkyline,IOPS_175,1017,0.0
earthgeckoSkyline,IOPS_175,1018,0.0
earthgeckoSkyline,IOPS_175,1019,0.0
earthgeckoSkyline,IOPS_175,1020,0.0
earthgeckoSkyline,IOPS_175,1021,0.0
earthgeckoSkyline,IOPS_175,1022,0.0
earthgeckoSkyline,IOPS_175,1023,0.0
earthgeckoSkyline,IOPS_175,1024,0.0
earthgeckoSkyline,IOPS_175,1025,0.0
earthgeckoSkyline,IOPS_175,1026,0.0
earthgeckoSkyline,IOPS_175,1027,0.0
earthgeckoSkyline,IOPS_175,1028,0.0
earthgeckoSkyline,IOPS_175,1029,0.0
earthgeckoSkyline,IOPS_175,1030,0.0
earthgeckoSkyline,IOPS_175,1031,0.0
earthgeckoSkyline,IOPS_175,1032,0.0
earthgeckoSkyline,IOPS_175,1033,0.0
earthgeckoSkyline,IOPS_175,1034,0.0
earthgeckoSkyline,IOPS_175,1035,0.0
earthgeckoSkyline,IOPS_175,1036,0.0
earthgeckoSkyline,IOPS_175,1037,0.0
earthgeckoSkyline,IOPS_175,1038,0.0
earthgeckoSkyline,IOPS_175,1039,0.0
earthgeckoSkyline,IOPS_175,1040,0.0
earthgeckoSkyline,IOPS_175,1041,0.0
earthgeckoSkyline,IOPS_175,1042,0.0
earthgeckoSkyline,IOPS_175,1043,0.0
earthgeckoSkyline,IOPS_175,1044,0.0
earthgeckoSkyline,IOPS_175,1045,0.0
earthgeckoSkyline,IOPS_175,1046,0.0
earthgeckoSkyline,IOPS_175,1047,0.0
earthgeckoSkyline,IOPS_175,1048,0.0
earthgeckoSkyline,IOPS_175,1049,0.0
earthgeckoSkyline,IOPS_175,1050,0.0
earthgeckoSkyline,IOPS_175,1051,0.0
earthgeckoSkyline,IOPS_175,1052,0.0
earthgeckoSkyline,IOPS_175,1053,0.0
earthgeckoSkyline,IOPS_175,1054,0.0
earthgeckoSkyline,IOPS_175,1055,0.0
earthgeckoSkyline,IOPS_175,1056,0.0
earthgeckoSkyline,IOPS_175,1057,0.0
earthgeckoSkyline,IOPS_175,1058,0.0
earthgeckoSkyline,IOPS_175,1059,0.0
earthgeckoSkyline,IOPS_175,1060,0.0
earthgeckoSkyline,IOPS_175,1061,0.0
earthgeckoSkyline,IOPS_175,1062,0.0
earthgeckoSkyline,IOPS_175,1063,0.0
earthgeckoSkyline,IOPS_175,1064,0.0
earthgeckoSkyline,IOPS_175,1065,0.0
earthgeckoSkyline,IOPS_175,1066,0.0
earthgeckoSkyline,IOPS_175,1067,0.0
earthgeckoSkyline,IOPS_175,1068,0.0
earthgeckoSkyline,IOPS_175,1069,0.0
earthgeckoSkyline,IOPS_175,1070,0.0
earthgeckoSkyline,IOPS_175,1071,0.0
earthgeckoSkyline,IOPS_175,1072,0.0
earthgeckoSkyline,IOPS_175,1073,0.0
earthgeckoSkyline,IOPS_175,1074,0.0
earthgeckoSkyline,IOPS_175,1075,0.0
earthgeckoSkyline,IOPS_175,1076,0.0
earthgeckoSkyline,IOPS_175,1077,0.0
earthgeckoSkyline,IOPS_175,1078,0.0
earthgeckoSkyline,IOPS_175,1079,0.0
earthgeckoSkyline,IOPS_175,1080,0.0
earthgeckoSkyline,IOPS_175,1081,0.0
earthgeckoSkyline,IOPS_175,1082,0.0
earthgeckoSkyline,IOPS_175,1083,0.0
earthgeckoSkyline,IOPS_175,1084,0.0
earthgeckoSkyline,IOPS_175,1085,0.0
earthgeckoSkyline,IOPS_175,1086,0.0
earthgeckoSkyline,IOPS_175,1087,0.0
earthgeckoSkyline,IOPS_175,1088,0.0
earthgeckoSkyline,IOPS_175,1089,0.0
earthgeckoSkyline,IOPS_175,1090,0.0
earthgeckoSkyline,IOPS_175,1091,0.0
earthgeckoSkyline,IOPS_175,1092,0.0
earthgeckoSkyline,IOPS_175,1093,0.0
earthgeckoSkyline,IOPS_175,1094,0.0
earthgeckoSkyline,IOPS_175,1095,0.0
earthgeckoSkyline,IOPS_175,1096,0.0
earthgeckoSkyline,IOPS_175,1097,0.0
earthgeckoSkyline,IOPS_175,1098,0.0
earthgeckoSkyline,IOPS_175,1099,0.0
earthgeckoSkyline,IOPS_175,1100,0.0
earthgeckoSkyline,IOPS_175,1101,0.0
earthgeckoSkyline,IOPS_175,1102,0.0
earthgeckoSkyline,IOPS_175,1103,0.0
earthgeckoSkyline,IOPS_175,1104,0.0
earthgeckoSkyline,IOPS_175,1105,0.0
earthgeckoSkyline,IOPS_175,1106,0.0
earthgeckoSkyline,IOPS_175,1107,0.0
earthgeckoSkyline,IOPS_175,1108,0.0
earthgeckoSkyline,IOPS_175,1109,0.0
earthgeckoSkyline,IOPS_175,1110,0.0
earthgeckoSkyline,IOPS_175,1111,0.0
earthgeckoSkyline,IOPS_175,1112,0.0
earthgeckoSkyline,IOPS_175,1113,0.0
earthgeckoSkyline,IOPS_175,1114,0.0
earthgeckoSkyline,IOPS_175,1115,0.0
earthgeckoSkyline,IOPS_175,1116,0.0
earthgeckoSkyline,IOPS_175,1117,0.0
earthgeckoSkyline,IOPS_175,1118,0.0
earthgeckoSkyline,IOPS_175,1119,0.0
earthgeckoSkyline,IOPS_175,1120,0.0
earthgeckoSkyline,IOPS_175,1121,0.0
earthgeckoSkyline,IOPS_175,1122,0.0
earthgeckoSkyline,IOPS_175,1123,0.0
earthgeckoSkyline,IOPS_175,1124,0.0
earthgeckoSkyline,IOPS_175,1125,0.0
earthgeckoSkyline,IOPS_175,1126,0.0
earthgeckoSkyline,IOPS_175,1127,0.0
earthgeckoSkyline,IOPS_175,1128,0.0
earthgeckoSkyline,IOPS_175,1129,0.0
earthgeckoSkyline,IOPS_175,1130,0.0
earthgeckoSkyline,IOPS_175,1131,0.0
earthgeckoSkyline,IOPS_175,1132,0.0
earthgeckoSkyline,IOPS_175,1133,0.0
earthgeckoSkyline,IOPS_175,1134,0.0
earthgeckoSkyline,IOPS_175,1135,0.0
earthgeckoSkyline,IOPS_175,1136,0.0
earthgeckoSkyline,IOPS_175,1137,0.0
earthgeckoSkyline,IOPS_175,1138,0.0
earthgeckoSkyline,IOPS_175,1139,0.0
earthgeckoSkyline,IOPS_175,1140,0.0
earthgeckoSkyline,IOPS_175,1141,0.0
earthgeckoSkyline,IOPS_175,1142,0.0
earthgeckoSkyline,IOPS_175,1143,0.0
earthgeckoSkyline,IOPS_175,1144,0.0
earthgeckoSkyline,IOPS_175,1145,0.0
earthgeckoSkyline,IOPS_175,1146,0.0
earthgeckoSkyline,IOPS_175,1147,0.0
earthgeckoSkyline,IOPS_175,1148,0.0
earthgeckoSkyline,IOPS_175,1149,0.0
earthgeckoSkyline,IOPS_175,1150,0.0
earthgeckoSkyline,IOPS_175,1151,0.0
earthgeckoSkyline,IOPS_175,1152,0.0
earthgeckoSkyline,IOPS_175,1153,0.0
earthgeckoSkyline,IOPS_175,1154,0.0
earthgeckoSkyline,IOPS_175,1155,0.0
earthgeckoSkyline,IOPS_175,1156,0.0
earthgeckoSkyline,IOPS_175,1157,0.0
earthgeckoSkyline,IOPS_175,1158,0.0
earthgeckoSkyline,IOPS_175,1159,0.0
earthgeckoSkyline,IOPS_175,1160,0.0
earthgeckoSkyline,IOPS_175,1161,0.0
earthgeckoSkyline,IOPS_175,1162,0.0
earthgeckoSkyline,IOPS_175,1163,0.0
earthgeckoSkyline,IOPS_175,1164,0.0
earthgeckoSkyline,IOPS_175,1165,0.0
earthgeckoSkyline,IOPS_175,1166,0.0
earthgeckoSkyline,IOPS_175,1167,0.0
earthgeckoSkyline,IOPS_175,1168,0.0
earthgeckoSkyline,IOPS_175,1169,0.0
earthgeckoSkyline,IOPS_175,1170,0.0
earthgeckoSkyline,IOPS_175,1171,0.0
earthgeckoSkyline,IOPS_175,1172,0.0
earthgeckoSkyline,IOPS_175,1173,0.0
earthgeckoSkyline,IOPS_175,1174,0.0
earthgeckoSkyline,IOPS_175,1175,0.0
earthgeckoSkyline,IOPS_175,1176,0.0
earthgeckoSkyline,IOPS_175,1177,0.0
earthgeckoSkyline,IOPS_175,1178,0.0
earthgeckoSkyline,IOPS_175,1179,0.0
earthgeckoSkyline,IOPS_175,1180,0.0
earthgeckoSkyline,IOPS_175,1181,0.0
earthgeckoSkyline,IOPS_175,1182,0.0
earthgeckoSkyline,IOPS_175,1183,0.0
earthgeckoSkyline,IOPS_175,1184,0.0
earthgeckoSkyline,IOPS_175,1185,0.0
earthgeckoSkyline,IOPS_175,1186,0.0
earthgeckoSkyline,IOPS_175,1187,0.0
earthgeckoSkyline,IOPS_175,1188,0.0
earthgeckoSkyline,IOPS_175,1189,0.0
earthgeckoSkyline,IOPS_175,1190,0.0
earthgeckoSkyline,IOPS_175,1191,0.0
earthgeckoSkyline,IOPS_175,1192,0.0
earthgeckoSkyline,IOPS_175,1193,0.0
earthgeckoSkyline,IOPS_175,1194,0.0
earthgeckoSkyline,IOPS_175,1195,0.0
earthgeckoSkyline,IOPS_175,1196,0.0
earthgeckoSkyline,IOPS_175,1197,0.0
earthgeckoSkyline,IOPS_175,1198,0.0
earthgeckoSkyline,IOPS_175,1199,0.0
earthgeckoSkyline,IOPS_175,1200,0.0
earthgeckoSkyline,IOPS_175,1201,0.0
earthgeckoSkyline,IOPS_175,1202,0.0
earthgeckoSkyline,IOPS_175,1203,0.0
earthgeckoSkyline,IOPS_175,1204,0.0
earthgeckoSkyline,IOPS_175,1205,0.0
earthgeckoSkyline,IOPS_175,1206,0.0
earthgeckoSkyline,IOPS_175,1207,0.0
earthgeckoSkyline,IOPS_175,1208,0.0
earthgeckoSkyline,IOPS_175,1209,0.0
earthgeckoSkyline,IOPS_175,1210,0.0
earthgeckoSkyline,IOPS_175,1211,0.0
earthgeckoSkyline,IOPS_175,1212,0.0
earthgeckoSkyline,IOPS_175,1213,0.0
earthgeckoSkyline,IOPS_175,1214,0.0
earthgeckoSkyline,IOPS_175,1215,0.0
earthgeckoSkyline,IOPS_175,1216,0.0
earthgeckoSkyline,IOPS_175,1217,0.0
earthgeckoSkyline,IOPS_175,1218,0.0
earthgeckoSkyline,IOPS_175,1219,0.0
earthgeckoSkyline,IOPS_175,1220,0.0
earthgeckoSkyline,IOPS_175,1221,0.0
earthgeckoSkyline,IOPS_175,1222,0.0
earthgeckoSkyline,IOPS_175,1223,0.0
earthgeckoSkyline,IOPS_175,1224,0.0
earthgeckoSkyline,IOPS_175,1225,0.0
earthgeckoSkyline,IOPS_175,1226,0.0
earthgeckoSkyline,IOPS_175,1227,0.0
earthgeckoSkyline,IOPS_175,1228,0.0
earthgeckoSkyline,IOPS_175,1229,0.0
earthgeckoSkyline,IOPS_175,1230,0.0
earthgeckoSkyline,IOPS_175,1231,0.0
earthgeckoSkyline,IOPS_175,1232,0.0
earthgeckoSkyline,IOPS_175,1233,0.0
earthgeckoSkyline,IOPS_175,1234,0.0
earthgeckoSkyline,IOPS_175,1235,0.0
earthgeckoSkyline,IOPS_175,1236,0.0
earthgeckoSkyline,IOPS_175,1237,0.0
earthgeckoSkyline,IOPS_175,1238,0.0
earthgeckoSkyline,IOPS_175,1239,0.0
earthgeckoSkyline,IOPS_175,1240,0.0
earthgeckoSkyline,IOPS_175,1241,0.0
earthgeckoSkyline,IOPS_175,1242,0.0
earthgeckoSkyline,IOPS_175,1243,0.0
earthgeckoSkyline,IOPS_175,1244,0.0
earthgeckoSkyline,IOPS_175,1245,0.0
earthgeckoSkyline,IOPS_175,1246,0.0
earthgeckoSkyline,IOPS_175,1247,0.0
earthgeckoSkyline,IOPS_175,1248,0.0
earthgeckoSkyline,IOPS_175,1249,0.0
earthgeckoSkyline,IOPS_175,1250,0.0
earthgeckoSkyline,IOPS_175,1251,0.0
earthgeckoSkyline,IOPS_175,1252,0.0
earthgeckoSkyline,IOPS_175,1253,0.0
earthgeckoSkyline,IOPS_175,1254,0.0
earthgeckoSkyline,IOPS_175,1255,0.0
earthgeckoSkyline,IOPS_175,1256,0.0
earthgeckoSkyline,IOPS_175,1257,0.0
earthgeckoSkyline,IOPS_175,1258,0.0
earthgeckoSkyline,IOPS_175,1259,0.0
earthgeckoSkyline,IOPS_175,1260,0.0
earthgeckoSkyline,IOPS_175,1261,0.0
earthgeckoSkyline,IOPS_175,1262,0.0
earthgeckoSkyline,IOPS_175,1263,0.0
earthgeckoSkyline,IOPS_175,1264,0.0
earthgeckoSkyline,IOPS_175,1265,0.0
earthgeckoSkyline,IOPS_175,1266,0.0
earthgeckoSkyline,IOPS_175,1267,0.0
earthgeckoSkyline,IOPS_175,1268,0.0
earthgeckoSkyline,IOPS_175,1269,0.0
earthgeckoSkyline,IOPS_175,1270,0.0
earthgeckoSkyline,IOPS_175,1271,0.0
earthgeckoSkyline,IOPS_175,1272,0.0
earthgeckoSkyline,IOPS_175,1273,0.0
earthgeckoSkyline,IOPS_175,1274,0.0
earthgeckoSkyline,IOPS_175,1275,0.0
earthgeckoSkyline,IOPS_175,1276,0.0
earthgeckoSkyline,IOPS_175,1277,0.0
earthgeckoSkyline,IOPS_175,1278,0.0
earthgeckoSkyline,IOPS_175,1279,0.0
earthgeckoSkyline,IOPS_175,1280,0.0
earthgeckoSkyline,IOPS_175,1281,0.0
earthgeckoSkyline,IOPS_175,1282,0.0
earthgeckoSkyline,IOPS_175,1283,0.0
earthgeckoSkyline,IOPS_175,1284,0.0
earthgeckoSkyline,IOPS_175,1285,0.0
earthgeckoSkyline,IOPS_175,1286,0.0
earthgeckoSkyline,IOPS_175,1287,0.0
earthgeckoSkyline,IOPS_175,1288,0.0
earthgeckoSkyline,IOPS_175,1289,0.0
earthgeckoSkyline,IOPS_175,1290,0.0
earthgeckoSkyline,IOPS_175,1291,0.0
earthgeckoSkyline,IOPS_175,1292,0.0
earthgeckoSkyline,IOPS_175,1293,0.0
earthgeckoSkyline,IOPS_175,1294,0.0
earthgeckoSkyline,IOPS_175,1295,0.0
earthgeckoSkyline,IOPS_175,1296,0.0
earthgeckoSkyline,IOPS_175,1297,0.0
earthgeckoSkyline,IOPS_175,1298,0.0
earthgeckoSkyline,IOPS_175,1299,0.0
earthgeckoSkyline,IOPS_175,1300,0.0
earthgeckoSkyline,IOPS_175,1301,0.0
earthgeckoSkyline,IOPS_175,1302,0.0
earthgeckoSkyline,IOPS_175,1303,0.0
earthgeckoSkyline,IOPS_175,1304,0.0
earthgeckoSkyline,IOPS_175,1305,0.0
earthgeckoSkyline,IOPS_175,1306,0.0
earthgeckoSkyline,IOPS_175,1307,0.0
earthgeckoSkyline,IOPS_175,1308,0.0
earthgeckoSkyline,IOPS_175,1309,0.0
earthgeckoSkyline,IOPS_175,1310,0.0
earthgeckoSkyline,IOPS_175,1311,0.0
earthgeckoSkyline,IOPS_175,1312,0.0
earthgeckoSkyline,IOPS_175,1313,0.0
earthgeckoSkyline,IOPS_175,1314,0.0
earthgeckoSkyline,IOPS_175,1315,0.0
earthgeckoSkyline,IOPS_175,1316,0.0
earthgeckoSkyline,IOPS_175,1317,0.0
earthgeckoSkyline,IOPS_175,1318,0.0
earthgeckoSkyline,IOPS_175,1319,0.0
earthgeckoSkyline,IOPS_175,1320,0.0
earthgeckoSkyline,IOPS_175,1321,0.0
earthgeckoSkyline,IOPS_175,1322,0.0
earthgeckoSkyline,IOPS_175,1323,0.0
earthgeckoSkyline,IOPS_175,1324,0.0
earthgeckoSkyline,IOPS_175,1325,0.0
earthgeckoSkyline,IOPS_175,1326,0.0
earthgeckoSkyline,IOPS_175,1327,0.0
earthgeckoSkyline,IOPS_175,1328,0.0
earthgeckoSkyline,IOPS_175,1329,0.0
earthgeckoSkyline,IOPS_175,1330,0.0
earthgeckoSkyline,IOPS_175,1331,0.0
earthgeckoSkyline,IOPS_175,1332,0.0
earthgeckoSkyline,IOPS_175,1333,0.0
earthgeckoSkyline,IOPS_175,1334,0.0
earthgeckoSkyline,IOPS_175,1335,0.0
earthgeckoSkyline,IOPS_175,1336,0.0
earthgeckoSkyline,IOPS_175,1337,0.0
earthgeckoSkyline,IOPS_175,1338,0.0
earthgeckoSkyline,IOPS_175,1339,0.0
earthgeckoSkyline,IOPS_175,1340,0.0
earthgeckoSkyline,IOPS_175,1341,0.0
earthgeckoSkyline,IOPS_175,1342,0.0
earthgeckoSkyline,IOPS_175,1343,0.0
earthgeckoSkyline,IOPS_175,1344,0.0
earthgeckoSkyline,IOPS_175,1345,0.0
earthgeckoSkyline,IOPS_175,1346,0.0
earthgeckoSkyline,IOPS_175,1347,0.0
earthgeckoSkyline,IOPS_175,1348,0.0
earthgeckoSkyline,IOPS_175,1349,0.0
earthgeckoSkyline,IOPS_175,1350,0.0
earthgeckoSkyline,IOPS_175,1351,0.0
earthgeckoSkyline,IOPS_175,1352,0.0
earthgeckoSkyline,IOPS_175,1353,0.0
earthgeckoSkyline,IOPS_175,1354,0.0
earthgeckoSkyline,IOPS_175,1355,0.0
earthgeckoSkyline,IOPS_175,1356,0.0
earthgeckoSkyline,IOPS_175,1357,0.0
earthgeckoSkyline,IOPS_175,1358,0.0
earthgeckoSkyline,IOPS_175,1359,0.0
earthgeckoSkyline,IOPS_175,1360,0.0
earthgeckoSkyline,IOPS_175,1361,0.0
earthgeckoSkyline,IOPS_175,1362,0.0
earthgeckoSkyline,IOPS_175,1363,0.0
earthgeckoSkyline,IOPS_175,1364,0.0
earthgeckoSkyline,IOPS_175,1365,0.0
earthgeckoSkyline,IOPS_175,1366,0.0
earthgeckoSkyline,IOPS_175,1367,0.0
earthgeckoSkyline,IOPS_175,1368,0.0
earthgeckoSkyline,IOPS_175,1369,0.0
earthgeckoSkyline,IOPS_175,1370,0.0
earthgeckoSkyline,IOPS_175,1371,0.0
earthgeckoSkyline,IOPS_175,1372,0.0
earthgeckoSkyline,IOPS_175,1373,0.0
earthgeckoSkyline,IOPS_175,1374,0.0
earthgeckoSkyline,IOPS_175,1375,0.0
earthgeckoSkyline,IOPS_175,1376,0.0
earthgeckoSkyline,IOPS_175,1377,0.0
earthgeckoSkyline,IOPS_175,1378,0.0
earthgeckoSkyline,IOPS_175,1379,0.0
earthgeckoSkyline,IOPS_175,1380,0.0
earthgeckoSkyline,IOPS_175,1381,0.0
earthgeckoSkyline,IOPS_175,1382,0.0
earthgeckoSkyline,IOPS_175,1383,0.0
earthgeckoSkyline,IOPS_175,1384,0.0
earthgeckoSkyline,IOPS_175,1385,0.0
earthgeckoSkyline,IOPS_175,1386,0.0
earthgeckoSkyline,IOPS_175,1387,0.0
earthgeckoSkyline,IOPS_175,1388,0.0
earthgeckoSkyline,IOPS_175,1389,0.0
earthgeckoSkyline,IOPS_175,1390,0.0
earthgeckoSkyline,IOPS_175,1391,0.0
earthgeckoSkyline,IOPS_175,1392,0.0
earthgeckoSkyline,IOPS_175,1393,0.0
earthgeckoSkyline,IOPS_175,1394,0.0
earthgeckoSkyline,IOPS_175,1395,0.0
earthgeckoSkyline,IOPS_175,1396,0.0
earthgeckoSkyline,IOPS_175,1397,0.0
earthgeckoSkyline,IOPS_175,1398,0.0
earthgeckoSkyline,IOPS_175,1399,0.0
earthgeckoSkyline,IOPS_175,1400,0.0
earthgeckoSkyline,IOPS_175,1401,0.0
earthgeckoSkyline,IOPS_175,1402,0.0
earthgeckoSkyline,IOPS_175,1403,0.0
earthgeckoSkyline,IOPS_175,1404,0.0
earthgeckoSkyline,IOPS_175,1405,0.0
earthgeckoSkyline,IOPS_175,1406,0.0
earthgeckoSkyline,IOPS_175,1407,0.0
earthgeckoSkyline,IOPS_175,1408,0.0
earthgeckoSkyline,IOPS_175,1409,0.0
earthgeckoSkyline,IOPS_175,1410,0.0
earthgeckoSkyline,IOPS_175,1411,0.0
earthgeckoSkyline,IOPS_175,1412,0.0
earthgeckoSkyline,IOPS_175,1413,0.0
earthgeckoSkyline,IOPS_175,1414,0.0
earthgeckoSkyline,IOPS_175,1415,0.0
earthgeckoSkyline,IOPS_175,1416,0.0
earthgeckoSkyline,IOPS_175,1417,0.0
earthgeckoSkyline,IOPS_175,1418,0.0
earthgeckoSkyline,IOPS_175,1419,0.0
earthgeckoSkyline,IOPS_175,1420,0.0
earthgeckoSkyline,IOPS_175,1421,0.0
earthgeckoSkyline,IOPS_175,1422,0.0
earthgeckoSkyline,IOPS_175,1423,0.0
earthgeckoSkyline,IOPS_175,1424,0.0
earthgeckoSkyline,IOPS_175,1425,0.0
earthgeckoSkyline,IOPS_175,1426,0.0
earthgeckoSkyline,IOPS_175,1427,0.0
earthgeckoSkyline,IOPS_175,1428,0.0
earthgeckoSkyline,IOPS_175,1429,0.0
earthgeckoSkyline,IOPS_175,1430,0.0
earthgeckoSkyline,IOPS_175,1431,0.0
earthgeckoSkyline,IOPS_175,1432,0.0
earthgeckoSkyline,IOPS_175,1433,0.0
earthgeckoSkyline,IOPS_175,1434,0.0
earthgeckoSkyline,IOPS_175,1435,0.0
earthgeckoSkyline,IOPS_175,1436,0.0
earthgeckoSkyline,IOPS_175,1437,0.0
earthgeckoSkyline,IOPS_175,1438,0.0
earthgeckoSkyline,IOPS_175,1439,0.0
earthgeckoSkyline,IOPS_175,1440,0.0
earthgeckoSkyline,IOPS_175,1441,0.0
earthgeckoSkyline,IOPS_175,1442,0.0
earthgeckoSkyline,IOPS_175,1443,0.0
earthgeckoSkyline,IOPS_175,1444,0.0
earthgeckoSkyline,IOPS_175,1445,0.0
earthgeckoSkyline,IOPS_175,1446,0.0
earthgeckoSkyline,IOPS_175,1447,0.0
earthgeckoSkyline,IOPS_175,1448,0.0
earthgeckoSkyline,IOPS_175,1449,0.0
earthgeckoSkyline,IOPS_175,1450,0.0
earthgeckoSkyline,IOPS_175,1451,0.0
earthgeckoSkyline,IOPS_175,1452,0.0
earthgeckoSkyline,IOPS_175,1453,0.0
earthgeckoSkyline,IOPS_175,1454,0.0
earthgeckoSkyline,IOPS_175,1455,0.0
earthgeckoSkyline,IOPS_175,1456,0.0
earthgeckoSkyline,IOPS_175,1457,0.0
earthgeckoSkyline,IOPS_175,1458,0.0
earthgeckoSkyline,IOPS_175,1459,0.0
earthgeckoSkyline,IOPS_175,1460,0.0
earthgeckoSkyline,IOPS_175,1461,0.0
earthgeckoSkyline,IOPS_175,1462,0.0
earthgeckoSkyline,IOPS_175,1463,0.0
earthgeckoSkyline,IOPS_175,1464,0.0
earthgeckoSkyline,IOPS_175,1465,0.0
earthgeckoSkyline,IOPS_175,1466,0.0
earthgeckoSkyline,IOPS_175,1467,0.0
earthgeckoSkyline,IOPS_175,1468,0.0
earthgeckoSkyline,IOPS_175,1469,0.0
earthgeckoSkyline,IOPS_175,1470,0.0
earthgeckoSkyline,IOPS_175,1471,0.0
earthgeckoSkyline,IOPS_175,1472,0.0
earthgeckoSkyline,IOPS_175,1473,0.0
earthgeckoSkyline,IOPS_175,1474,0.0
earthgeckoSkyline,IOPS_175,1475,0.0
earthgeckoSkyline,IOPS_175,1476,0.0
earthgeckoSkyline,IOPS_175,1477,0.0
earthgeckoSkyline,IOPS_175,1478,0.0
earthgeckoSkyline,IOPS_175,1479,0.0
earthgeckoSkyline,IOPS_175,1480,0.0
earthgeckoSkyline,IOPS_175,1481,0.0
earthgeckoSkyline,IOPS_175,1482,0.0
earthgeckoSkyline,IOPS_175,1483,0.0
earthgeckoSkyline,IOPS_175,1484,0.0
earthgeckoSkyline,IOPS_175,1485,0.0
earthgeckoSkyline,IOPS_175,1486,0.0
earthgeckoSkyline,IOPS_175,1487,0.0
earthgeckoSkyline,IOPS_175,1488,0.0
earthgeckoSkyline,IOPS_175,1489,0.0
earthgeckoSkyline,IOPS_175,1490,0.0
earthgeckoSkyline,IOPS_175,1491,0.0
earthgeckoSkyline,IOPS_175,1492,0.0
earthgeckoSkyline,IOPS_175,1493,0.0
earthgeckoSkyline,IOPS_175,1494,0.0
earthgeckoSkyline,IOPS_175,1495,0.0
earthgeckoSkyline,IOPS_175,1496,0.0
earthgeckoSkyline,IOPS_175,1497,0.0
earthgeckoSkyline,IOPS_175,1498,0.0
earthgeckoSkyline,IOPS_175,1499,0.0
earthgeckoSkyline,IOPS_175,1500,0.0
earthgeckoSkyline,IOPS_175,1501,0.0
earthgeckoSkyline,IOPS_175,1502,0.0
earthgeckoSkyline,IOPS_175,1503,0.0
earthgeckoSkyline,IOPS_175,1504,0.0
earthgeckoSkyline,IOPS_175,1505,0.0
earthgeckoSkyline,IOPS_175,1506,0.0
earthgeckoSkyline,IOPS_175,1507,0.0
earthgeckoSkyline,IOPS_175,1508,0.0
earthgeckoSkyline,IOPS_175,1509,0.0
earthgeckoSkyline,IOPS_175,1510,0.0
earthgeckoSkyline,IOPS_175,1511,0.0
earthgeckoSkyline,IOPS_175,1512,0.0
earthgeckoSkyline,IOPS_175,1513,0.0
earthgeckoSkyline,IOPS_175,1514,0.0
earthgeckoSkyline,IOPS_175,1515,0.0
earthgeckoSkyline,IOPS_175,1516,0.0
earthgeckoSkyline,IOPS_175,1517,0.0
earthgeckoSkyline,IOPS_175,1518,0.0
earthgeckoSkyline,IOPS_175,1519,0.0
earthgeckoSkyline,IOPS_175,1520,0.0
earthgeckoSkyline,IOPS_175,1521,0.0
earthgeckoSkyline,IOPS_175,1522,0.0
earthgeckoSkyline,IOPS_175,1523,0.0
earthgeckoSkyline,IOPS_175,1524,0.0
earthgeckoSkyline,IOPS_175,1525,0.0
earthgeckoSkyline,IOPS_175,1526,0.0
earthgeckoSkyline,IOPS_175,1527,0.0
earthgeckoSkyline,IOPS_175,1528,0.0
earthgeckoSkyline,IOPS_175,1529,0.0
earthgeckoSkyline,IOPS_175,1530,0.0
earthgeckoSkyline,IOPS_175,1531,0.0
earthgeckoSkyline,IOPS_175,1532,0.0
earthgeckoSkyline,IOPS_175,1533,0.0
earthgeckoSkyline,IOPS_175,1534,0.0
earthgeckoSkyline,IOPS_175,1535,0.0
earthgeckoSkyline,IOPS_175,1536,0.0
earthgeckoSkyline,IOPS_175,1537,0.0
earthgeckoSkyline,IOPS_175,1538,0.0
earthgeckoSkyline,IOPS_175,1539,0.0
earthgeckoSkyline,IOPS_175,1540,0.0
earthgeckoSkyline,IOPS_175,1541,0.0
earthgeckoSkyline,IOPS_175,1542,0.0
earthgeckoSkyline,IOPS_175,1543,0.0
earthgeckoSkyline,IOPS_175,1544,0.0
earthgeckoSkyline,IOPS_175,1545,0.0
earthgeckoSkyline,IOPS_175,1546,0.0
earthgeckoSkyline,IOPS_175,1547,0.0
earthgeckoSkyline,IOPS_175,1548,0.0
earthgeckoSkyline,IOPS_175,1549,0.0
earthgeckoSkyline,IOPS_175,1550,0.0
earthgeckoSkyline,IOPS_175,1551,0.0
earthgeckoSkyline,IOPS_175,1552,0.0
earthgeckoSkyline,IOPS_175,1553,0.0
earthgeckoSkyline,IOPS_175,1554,0.0
earthgeckoSkyline,IOPS_175,1555,0.0
earthgeckoSkyline,IOPS_175,1556,0.0
earthgeckoSkyline,IOPS_175,1557,0.0
earthgeckoSkyline,IOPS_175,1558,0.0
earthgeckoSkyline,IOPS_175,1559,0.0
earthgeckoSkyline,IOPS_175,1560,0.0
earthgeckoSkyline,IOPS_175,1561,0.0
earthgeckoSkyline,IOPS_175,1562,0.0
earthgeckoSkyline,IOPS_175,1563,0.0
earthgeckoSkyline,IOPS_175,1564,0.0
earthgeckoSkyline,IOPS_175,1565,0.0
earthgeckoSkyline,IOPS_175,1566,0.0
earthgeckoSkyline,IOPS_175,1567,0.0
earthgeckoSkyline,IOPS_175,1568,0.0
earthgeckoSkyline,IOPS_175,1569,0.0
earthgeckoSkyline,IOPS_175,1570,0.0
earthgeckoSkyline,IOPS_175,1571,0.0
earthgeckoSkyline,IOPS_175,1572,0.0
earthgeckoSkyline,IOPS_175,1573,0.0
earthgeckoSkyline,IOPS_175,1574,0.0
earthgeckoSkyline,IOPS_175,1575,0.0
earthgeckoSkyline,IOPS_175,1576,0.0
earthgeckoSkyline,IOPS_175,1577,0.0
earthgeckoSkyline,IOPS_175,1578,0.0
earthgeckoSkyline,IOPS_175,1579,0.0
earthgeckoSkyline,IOPS_175,1580,0.0
earthgeckoSkyline,IOPS_175,1581,0.0
earthgeckoSkyline,IOPS_175,1582,0.0
earthgeckoSkyline,IOPS_175,1583,0.0
earthgeckoSkyline,IOPS_175,1584,0.0
earthgeckoSkyline,IOPS_175,1585,0.0
earthgeckoSkyline,IOPS_175,1586,0.0
earthgeckoSkyline,IOPS_175,1587,0.0
earthgeckoSkyline,IOPS_175,1588,0.0
earthgeckoSkyline,IOPS_175,1589,0.0
earthgeckoSkyline,IOPS_175,1590,0.0
earthgeckoSkyline,IOPS_175,1591,0.0
earthgeckoSkyline,IOPS_175,1592,0.0
earthgeckoSkyline,IOPS_175,1593,0.0
earthgeckoSkyline,IOPS_175,1594,0.0
earthgeckoSkyline,IOPS_175,1595,0.0
earthgeckoSkyline,IOPS_175,1596,0.0
earthgeckoSkyline,IOPS_175,1597,0.0
earthgeckoSkyline,IOPS_175,1598,0.0
earthgeckoSkyline,IOPS_175,1599,0.0
earthgeckoSkyline,IOPS_175,1600,0.0
earthgeckoSkyline,IOPS_175,1601,0.0
earthgeckoSkyline,IOPS_175,1602,0.0
earthgeckoSkyline,IOPS_175,1603,0.0
earthgeckoSkyline,IOPS_175,1604,0.0
earthgeckoSkyline,IOPS_175,1605,0.0
earthgeckoSkyline,IOPS_175,1606,0.0
earthgeckoSkyline,IOPS_175,1607,0.0
earthgeckoSkyline,IOPS_175,1608,0.0
earthgeckoSkyline,IOPS_175,1609,0.0
earthgeckoSkyline,IOPS_175,1610,0.0
earthgeckoSkyline,IOPS_175,1611,0.0
earthgeckoSkyline,IOPS_175,1612,0.0
earthgeckoSkyline,IOPS_175,1613,0.0
earthgeckoSkyline,IOPS_175,1614,0.0
earthgeckoSkyline,IOPS_175,1615,0.0
earthgeckoSkyline,IOPS_175,1616,0.0
earthgeckoSkyline,IOPS_175,1617,0.0
earthgeckoSkyline,IOPS_175,1618,0.0
earthgeckoSkyline,IOPS_175,1619,0.0
earthgeckoSkyline,IOPS_175,1620,0.0
earthgeckoSkyline,IOPS_175,1621,0.0
earthgeckoSkyline,IOPS_175,1622,0.0
earthgeckoSkyline,IOPS_175,1623,0.0
earthgeckoSkyline,IOPS_175,1624,0.0
earthgeckoSkyline,IOPS_175,1625,0.0
earthgeckoSkyline,IOPS_175,1626,0.0
earthgeckoSkyline,IOPS_175,1627,0.0
earthgeckoSkyline,IOPS_175,1628,0.0
earthgeckoSkyline,IOPS_175,1629,0.0
earthgeckoSkyline,IOPS_175,1630,0.0
earthgeckoSkyline,IOPS_175,1631,0.0
earthgeckoSkyline,IOPS_175,1632,0.0
earthgeckoSkyline,IOPS_175,1633,0.0
earthgeckoSkyline,IOPS_175,1634,0.0
earthgeckoSkyline,IOPS_175,1635,0.0
earthgeckoSkyline,IOPS_175,1636,0.0
earthgeckoSkyline,IOPS_175,1637,0.0
earthgeckoSkyline,IOPS_175,1638,0.0
earthgeckoSkyline,IOPS_175,1639,0.0
earthgeckoSkyline,IOPS_175,1640,0.0
earthgeckoSkyline,IOPS_175,1641,0.0
earthgeckoSkyline,IOPS_175,1642,0.0
earthgeckoSkyline,IOPS_175,1643,0.0
earthgeckoSkyline,IOPS_175,1644,0.0
earthgeckoSkyline,IOPS_175,1645,0.0
earthgeckoSkyline,IOPS_175,1646,0.0
earthgeckoSkyline,IOPS_175,1647,0.0
earthgeckoSkyline,IOPS_175,1648,0.0
earthgeckoSkyline,IOPS_175,1649,0.0
earthgeckoSkyline,IOPS_175,1650,0.0
earthgeckoSkyline,IOPS_175,1651,0.0
earthgeckoSkyline,IOPS_175,1652,0.0
earthgeckoSkyline,IOPS_175,1653,0.0
earthgeckoSkyline,IOPS_175,1654,0.0
earthgeckoSkyline,IOPS_175,1655,0.0
earthgeckoSkyline,IOPS_175,1656,0.0
earthgeckoSkyline,IOPS_175,1657,0.0
earthgeckoSkyline,IOPS_175,1658,0.0
earthgeckoSkyline,IOPS_175,1659,0.0
earthgeckoSkyline,IOPS_175,1660,0.0
earthgeckoSkyline,IOPS_175,1661,0.0
earthgeckoSkyline,IOPS_175,1662,0.0
earthgeckoSkyline,IOPS_175,1663,0.0
earthgeckoSkyline,IOPS_175,1664,0.0
earthgeckoSkyline,IOPS_175,1665,0.0
earthgeckoSkyline,IOPS_175,1666,0.0
earthgeckoSkyline,IOPS_175,1667,0.0
earthgeckoSkyline,IOPS_175,1668,0.0
earthgeckoSkyline,IOPS_175,1669,0.0
earthgeckoSkyline,IOPS_175,1670,0.0
earthgeckoSkyline,IOPS_175,1671,0.0
earthgeckoSkyline,IOPS_175,1672,0.0
earthgeckoSkyline,IOPS_175,1673,0.0
earthgeckoSkyline,IOPS_175,1674,0.0
earthgeckoSkyline,IOPS_175,1675,0.0
earthgeckoSkyline,IOPS_175,1676,0.0
earthgeckoSkyline,IOPS_175,1677,0.0
earthgeckoSkyline,IOPS_175,1678,0.0
earthgeckoSkyline,IOPS_175,1679,0.0
earthgeckoSkyline,IOPS_175,1680,0.0
earthgeckoSkyline,IOPS_175,1681,0.0
earthgeckoSkyline,IOPS_175,1682,0.0
earthgeckoSkyline,IOPS_175,1683,0.0
earthgeckoSkyline,IOPS_175,1684,0.0
earthgeckoSkyline,IOPS_175,1685,0.0
earthgeckoSkyline,IOPS_175,1686,0.0
earthgeckoSkyline,IOPS_175,1687,0.0
earthgeckoSkyline,IOPS_175,1688,0.0
earthgeckoSkyline,IOPS_175,1689,0.0
earthgeckoSkyline,IOPS_175,1690,0.0
earthgeckoSkyline,IOPS_175,1691,0.0
earthgeckoSkyline,IOPS_175,1692,0.0
earthgeckoSkyline,IOPS_175,1693,0.0
earthgeckoSkyline,IOPS_175,1694,0.0
earthgeckoSkyline,IOPS_175,1695,0.0
earthgeckoSkyline,IOPS_175,1696,0.0
earthgeckoSkyline,IOPS_175,1697,0.0
earthgeckoSkyline,IOPS_175,1698,0.0
earthgeckoSkyline,IOPS_175,1699,0.0
earthgeckoSkyline,IOPS_175,1700,0.0
earthgeckoSkyline,IOPS_175,1701,0.0
earthgeckoSkyline,IOPS_175,1702,0.0
earthgeckoSkyline,IOPS_175,1703,0.0
earthgeckoSkyline,IOPS_175,1704,0.0
earthgeckoSkyline,IOPS_175,1705,0.0
earthgeckoSkyline,IOPS_175,1706,0.0
earthgeckoSkyline,IOPS_175,1707,0.0
earthgeckoSkyline,IOPS_175,1708,0.0
earthgeckoSkyline,IOPS_175,1709,0.0
earthgeckoSkyline,IOPS_175,1710,0.0
earthgeckoSkyline,IOPS_175,1711,0.0
earthgeckoSkyline,IOPS_175,1712,0.0
earthgeckoSkyline,IOPS_175,1713,0.0
earthgeckoSkyline,IOPS_175,1714,0.0
earthgeckoSkyline,IOPS_175,1715,0.0
earthgeckoSkyline,IOPS_175,1716,0.0
earthgeckoSkyline,IOPS_175,1717,0.0
earthgeckoSkyline,IOPS_175,1718,0.0
earthgeckoSkyline,IOPS_175,1719,0.0
earthgeckoSkyline,IOPS_175,1720,0.0
earthgeckoSkyline,IOPS_175,1721,0.0
earthgeckoSkyline,IOPS_175,1722,0.0
earthgeckoSkyline,IOPS_175,1723,0.0
earthgeckoSkyline,IOPS_175,1724,0.0
earthgeckoSkyline,IOPS_175,1725,0.0
earthgeckoSkyline,IOPS_175,1726,0.0
earthgeckoSkyline,IOPS_175,1727,0.0
earthgeckoSkyline,IOPS_175,1728,0.0
earthgeckoSkyline,IOPS_175,1729,0.0
earthgeckoSkyline,IOPS_175,1730,0.0
earthgeckoSkyline,IOPS_175,1731,0.0
earthgeckoSkyline,IOPS_175,1732,0.0
earthgeckoSkyline,IOPS_175,1733,0.0
earthgeckoSkyline,IOPS_175,1734,0.0
earthgeckoSkyline,IOPS_175,1735,0.0
earthgeckoSkyline,IOPS_175,1736,0.0
earthgeckoSkyline,IOPS_175,1737,0.0
earthgeckoSkyline,IOPS_175,1738,0.0
earthgeckoSkyline,IOPS_175,1739,0.0
earthgeckoSkyline,IOPS_175,1740,0.0
earthgeckoSkyline,IOPS_175,1741,0.0
earthgeckoSkyline,IOPS_175,1742,0.0
earthgeckoSkyline,IOPS_175,1743,0.0
earthgeckoSkyline,IOPS_175,1744,0.0
earthgeckoSkyline,IOPS_175,1745,0.0
earthgeckoSkyline,IOPS_175,1746,0.0
earthgeckoSkyline,IOPS_175,1747,0.0
earthgeckoSkyline,IOPS_175,1748,0.0
earthgeckoSkyline,IOPS_175,1749,0.0
earthgeckoSkyline,IOPS_175,1750,0.0
earthgeckoSkyline,IOPS_175,1751,0.0
earthgeckoSkyline,IOPS_175,1752,0.0
earthgeckoSkyline,IOPS_175,1753,0.0
earthgeckoSkyline,IOPS_175,1754,0.0
earthgeckoSkyline,IOPS_175,1755,0.0
earthgeckoSkyline,IOPS_175,1756,0.0
earthgeckoSkyline,IOPS_175,1757,0.0
earthgeckoSkyline,IOPS_175,1758,0.0
earthgeckoSkyline,IOPS_175,1759,0.0
earthgeckoSkyline,IOPS_175,1760,0.0
earthgeckoSkyline,IOPS_175,1761,0.0
earthgeckoSkyline,IOPS_175,1762,0.0
earthgeckoSkyline,IOPS_175,1763,0.0
earthgeckoSkyline,IOPS_175,1764,0.0
earthgeckoSkyline,IOPS_175,1765,0.0
earthgeckoSkyline,IOPS_175,1766,0.0
earthgeckoSkyline,IOPS_175,1767,0.0
earthgeckoSkyline,IOPS_175,1768,0.0
earthgeckoSkyline,IOPS_175,1769,0.0
earthgeckoSkyline,IOPS_175,1770,0.0
earthgeckoSkyline,IOPS_175,1771,0.0
earthgeckoSkyline,IOPS_175,1772,0.0
earthgeckoSkyline,IOPS_175,1773,0.0
earthgeckoSkyline,IOPS_175,1774,0.0
earthgeckoSkyline,IOPS_175,1775,0.0
earthgeckoSkyline,IOPS_175,1776,0.0
earthgeckoSkyline,IOPS_175,1777,0.0
earthgeckoSkyline,IOPS_175,1778,0.0
earthgeckoSkyline,IOPS_175,1779,0.0
earthgeckoSkyline,IOPS_175,1780,0.0
earthgeckoSkyline,IOPS_175,1781,0.0
earthgeckoSkyline,IOPS_175,1782,0.0
earthgeckoSkyline,IOPS_175,1783,0.0
earthgeckoSkyline,IOPS_175,1784,0.0
earthgeckoSkyline,IOPS_175,1785,0.0
earthgeckoSkyline,IOPS_175,1786,0.0
earthgeckoSkyline,IOPS_175,1787,0.0
earthgeckoSkyline,IOPS_175,1788,0.0
earthgeckoSkyline,IOPS_175,1789,0.0
earthgeckoSkyline,IOPS_175,1790,0.0
earthgeckoSkyline,IOPS_175,1791,0.0
earthgeckoSkyline,IOPS_175,1792,0.0
earthgeckoSkyline,IOPS_175,1793,0.0
earthgeckoSkyline,IOPS_175,1794,0.0
earthgeckoSkyline,IOPS_175,1795,0.0
earthgeckoSkyline,IOPS_175,1796,0.0
earthgeckoSkyline,IOPS_175,1797,0.0
earthgeckoSkyline,IOPS_175,1798,0.0
earthgeckoSkyline,IOPS_175,1799,0.0
earthgeckoSkyline,IOPS_175,1800,0.0
earthgeckoSkyline,IOPS_175,1801,0.0
earthgeckoSkyline,IOPS_175,1802,0.0
earthgeckoSkyline,IOPS_175,1803,0.0
earthgeckoSkyline,IOPS_175,1804,0.0
earthgeckoSkyline,IOPS_175,1805,0.0
earthgeckoSkyline,IOPS_175,1806,0.0
earthgeckoSkyline,IOPS_175,1807,0.0
earthgeckoSkyline,IOPS_175,1808,0.0
earthgeckoSkyline,IOPS_175,1809,0.0
earthgeckoSkyline,IOPS_175,1810,0.0
earthgeckoSkyline,IOPS_175,1811,0.0
earthgeckoSkyline,IOPS_175,1812,0.0
earthgeckoSkyline,IOPS_175,1813,0.0
earthgeckoSkyline,IOPS_175,1814,0.0
earthgeckoSkyline,IOPS_175,1815,0.0
earthgeckoSkyline,IOPS_175,1816,0.0
earthgeckoSkyline,IOPS_175,1817,0.0
earthgeckoSkyline,IOPS_175,1818,0.0
earthgeckoSkyline,IOPS_175,1819,0.0
earthgeckoSkyline,IOPS_175,1820,0.0
earthgeckoSkyline,IOPS_175,1821,0.0
earthgeckoSkyline,IOPS_175,1822,0.0
earthgeckoSkyline,IOPS_175,1823,0.0
earthgeckoSkyline,IOPS_175,1824,0.0
earthgeckoSkyline,IOPS_175,1825,0.0
earthgeckoSkyline,IOPS_175,1826,0.0
earthgeckoSkyline,IOPS_175,1827,0.0
earthgeckoSkyline,IOPS_175,1828,0.0
earthgeckoSkyline,IOPS_175,1829,0.0
earthgeckoSkyline,IOPS_175,1830,0.0
earthgeckoSkyline,IOPS_175,1831,0.0
earthgeckoSkyline,IOPS_175,1832,0.0
earthgeckoSkyline,IOPS_175,1833,0.0
earthgeckoSkyline,IOPS_175,1834,0.0
earthgeckoSkyline,IOPS_175,1835,0.0
earthgeckoSkyline,IOPS_175,1836,0.0
earthgeckoSkyline,IOPS_175,1837,0.0
earthgeckoSkyline,IOPS_175,1838,0.0
earthgeckoSkyline,IOPS_175,1839,0.0
earthgeckoSkyline,IOPS_175,1840,0.0
earthgeckoSkyline,IOPS_175,1841,0.0
earthgeckoSkyline,IOPS_175,1842,0.0
earthgeckoSkyline,IOPS_175,1843,0.0
earthgeckoSkyline,IOPS_175,1844,0.0
earthgeckoSkyline,IOPS_175,1845,0.0
earthgeckoSkyline,IOPS_175,1846,0.0
earthgeckoSkyline,IOPS_175,1847,0.0
earthgeckoSkyline,IOPS_175,1848,0.0
earthgeckoSkyline,IOPS_175,1849,0.0
earthgeckoSkyline,IOPS_175,1850,0.0
earthgeckoSkyline,IOPS_175,1851,0.0
earthgeckoSkyline,IOPS_175,1852,0.0
earthgeckoSkyline,IOPS_175,1853,0.0
earthgeckoSkyline,IOPS_175,1854,0.0
earthgeckoSkyline,IOPS_175,1855,0.0
earthgeckoSkyline,IOPS_175,1856,0.0
earthgeckoSkyline,IOPS_175,1857,0.0
earthgeckoSkyline,IOPS_175,1858,0.0
earthgeckoSkyline,IOPS_175,1859,0.0
earthgeckoSkyline,IOPS_175,1860,0.0
earthgeckoSkyline,IOPS_175,1861,0.0
earthgeckoSkyline,IOPS_175,1862,0.0
earthgeckoSkyline,IOPS_175,1863,0.0
earthgeckoSkyline,IOPS_175,1864,0.0
earthgeckoSkyline,IOPS_175,1865,0.0
earthgeckoSkyline,IOPS_175,1866,0.0
earthgeckoSkyline,IOPS_175,1867,0.0
earthgeckoSkyline,IOPS_175,1868,0.0
earthgeckoSkyline,IOPS_175,1869,0.0
earthgeckoSkyline,IOPS_175,1870,0.0
earthgeckoSkyline,IOPS_175,1871,0.0
earthgeckoSkyline,IOPS_175,1872,0.0
earthgeckoSkyline,IOPS_175,1873,0.0
earthgeckoSkyline,IOPS_175,1874,0.0
earthgeckoSkyline,IOPS_175,1875,0.0
earthgeckoSkyline,IOPS_175,1876,0.0
earthgeckoSkyline,IOPS_175,1877,1.0
earthgeckoSkyline,IOPS_175,1878,0.0
earthgeckoSkyline,IOPS_175,1879,0.0
earthgeckoSkyline,IOPS_175,1880,0.0
earthgeckoSkyline,IOPS_175,1881,0.0
earthgeckoSkyline,IOPS_175,1882,0.0
earthgeckoSkyline,IOPS_175,1883,0.0
earthgeckoSkyline,IOPS_175,1884,0.0
earthgeckoSkyline,IOPS_175,1885,0.0
earthgeckoSkyline,IOPS_175,1886,0.0
earthgeckoSkyline,IOPS_175,1887,0.0
earthgeckoSkyline,IOPS_175,1888,0.0
earthgeckoSkyline,IOPS_175,1889,0.0
earthgeckoSkyline,IOPS_175,1890,0.0
earthgeckoSkyline,IOPS_175,1891,0.0
earthgeckoSkyline,IOPS_175,1892,0.0
earthgeckoSkyline,IOPS_175,1893,0.0
earthgeckoSkyline,IOPS_175,1894,0.0
earthgeckoSkyline,IOPS_175,1895,0.0
earthgeckoSkyline,IOPS_175,1896,0.0
earthgeckoSkyline,IOPS_175,1897,0.0
earthgeckoSkyline,IOPS_175,1898,0.0
earthgeckoSkyline,IOPS_175,1899,0.0
earthgeckoSkyline,IOPS_175,1900,0.0
earthgeckoSkyline,IOPS_175,1901,0.0
earthgeckoSkyline,IOPS_175,1902,0.0
earthgeckoSkyline,IOPS_175,1903,0.0
earthgeckoSkyline,IOPS_175,1904,0.0
earthgeckoSkyline,IOPS_175,1905,0.0
earthgeckoSkyline,IOPS_175,1906,0.0
earthgeckoSkyline,IOPS_175,1907,0.0
earthgeckoSkyline,IOPS_175,1908,0.0
earthgeckoSkyline,IOPS_175,1909,0.0
earthgeckoSkyline,IOPS_175,1910,0.0
earthgeckoSkyline,IOPS_175,1911,0.0
earthgeckoSkyline,IOPS_175,1912,0.0
earthgeckoSkyline,IOPS_175,1913,0.0
earthgeckoSkyline,IOPS_175,1914,0.0
earthgeckoSkyline,IOPS_175,1915,0.0
earthgeckoSkyline,IOPS_175,1916,0.0
earthgeckoSkyline,IOPS_175,1917,0.0
earthgeckoSkyline,IOPS_175,1918,0.0
earthgeckoSkyline,IOPS_175,1919,0.0
earthgeckoSkyline,IOPS_175,1920,0.0
earthgeckoSkyline,IOPS_175,1921,0.0
earthgeckoSkyline,IOPS_175,1922,0.0
earthgeckoSkyline,IOPS_175,1923,0.0
earthgeckoSkyline,IOPS_175,1924,0.0
earthgeckoSkyline,IOPS_175,1925,0.0
earthgeckoSkyline,IOPS_175,1926,0.0
earthgeckoSkyline,IOPS_175,1927,0.0
earthgeckoSkyline,IOPS_175,1928,0.0
earthgeckoSkyline,IOPS_175,1929,0.0
earthgeckoSkyline,IOPS_175,1930,0.0
earthgeckoSkyline,IOPS_175,1931,0.0
earthgeckoSkyline,IOPS_175,1932,0.0
earthgeckoSkyline,IOPS_175,1933,0.0
earthgeckoSkyline,IOPS_175,1934,0.0
earthgeckoSkyline,IOPS_175,1935,0.0
earthgeckoSkyline,IOPS_175,1936,0.0
earthgeckoSkyline,IOPS_175,1937,0.0
earthgeckoSkyline,IOPS_175,1938,0.0
earthgeckoSkyline,IOPS_175,1939,0.0
earthgeckoSkyline,IOPS_175,1940,0.0
earthgeckoSkyline,IOPS_175,1941,0.0
earthgeckoSkyline,IOPS_175,1942,0.0
earthgeckoSkyline,IOPS_175,1943,0.0
earthgeckoSkyline,IOPS_175,1944,0.0
earthgeckoSkyline,IOPS_175,1945,0.0
earthgeckoSkyline,IOPS_175,1946,0.0
earthgeckoSkyline,IOPS_175,1947,0.0
earthgeckoSkyline,IOPS_175,1948,0.0
earthgeckoSkyline,IOPS_175,1949,0.0
earthgeckoSkyline,IOPS_175,1950,0.0
earthgeckoSkyline,IOPS_175,1951,0.0
earthgeckoSkyline,IOPS_175,1952,0.0
earthgeckoSkyline,IOPS_175,1953,0.0
earthgeckoSkyline,IOPS_175,1954,0.0
earthgeckoSkyline,IOPS_175,1955,0.0
earthgeckoSkyline,IOPS_175,1956,0.0
earthgeckoSkyline,IOPS_175,1957,0.0
earthgeckoSkyline,IOPS_175,1958,0.0
earthgeckoSkyline,IOPS_175,1959,0.0
earthgeckoSkyline,IOPS_175,1960,0.0
earthgeckoSkyline,IOPS_175,1961,0.0
earthgeckoSkyline,IOPS_175,1962,0.0
earthgeckoSkyline,IOPS_175,1963,0.0
earthgeckoSkyline,IOPS_175,1964,0.0
earthgeckoSkyline,IOPS_175,1965,0.0
earthgeckoSkyline,IOPS_175,1966,0.0
earthgeckoSkyline,IOPS_175,1967,0.0
earthgeckoSkyline,IOPS_175,1968,0.0
earthgeckoSkyline,IOPS_175,1969,0.0
earthgeckoSkyline,IOPS_175,1970,0.0
earthgeckoSkyline,IOPS_175,1971,0.0
earthgeckoSkyline,IOPS_175,1972,0.0
earthgeckoSkyline,IOPS_175,1973,0.0
earthgeckoSkyline,IOPS_175,1974,0.0
earthgeckoSkyline,IOPS_175,1975,0.0
earthgeckoSkyline,IOPS_175,1976,0.0
earthgeckoSkyline,IOPS_175,1977,0.0
earthgeckoSkyline,IOPS_175,1978,0.0
earthgeckoSkyline,IOPS_175,1979,0.0
earthgeckoSkyline,IOPS_175,1980,0.0
earthgeckoSkyline,IOPS_175,1981,0.0
earthgeckoSkyline,IOPS_175,1982,0.0
earthgeckoSkyline,IOPS_175,1983,0.0
earthgeckoSkyline,IOPS_175,1984,0.0
earthgeckoSkyline,IOPS_175,1985,0.0
earthgeckoSkyline,IOPS_175,1986,0.0
earthgeckoSkyline,IOPS_175,1987,0.0
earthgeckoSkyline,IOPS_175,1988,0.0
earthgeckoSkyline,IOPS_175,1989,0.0
earthgeckoSkyline,IOPS_175,1990,0.0
earthgeckoSkyline,IOPS_175,1991,0.0
earthgeckoSkyline,IOPS_175,1992,0.0
earthgeckoSkyline,IOPS_175,1993,0.0
earthgeckoSkyline,IOPS_175,1994,0.0
earthgeckoSkyline,IOPS_175,1995,0.0
earthgeckoSkyline,IOPS_175,1996,0.0
earthgeckoSkyline,IOPS_175,1997,0.0
earthgeckoSkyline,IOPS_175,1998,0.0
earthgeckoSkyline,IOPS_175,1999,0.0
earthgeckoSkyline,IOPS_175,2000,0.0
earthgeckoSkyline,IOPS_175,2001,0.0
earthgeckoSkyline,IOPS_175,2002,0.0
earthgeckoSkyline,IOPS_175,2003,0.0
earthgeckoSkyline,IOPS_175,2004,0.0
earthgeckoSkyline,IOPS_175,2005,0.0
earthgeckoSkyline,IOPS_175,2006,0.0
earthgeckoSkyline,IOPS_175,2007,0.0
earthgeckoSkyline,IOPS_175,2008,0.0
earthgeckoSkyline,IOPS_175,2009,0.0
earthgeckoSkyline,IOPS_175,2010,0.0
earthgeckoSkyline,IOPS_175,2011,0.0
earthgeckoSkyline,IOPS_175,2012,0.0
earthgeckoSkyline,IOPS_175,2013,0.0
earthgeckoSkyline,IOPS_175,2014,0.0
earthgeckoSkyline,IOPS_175,2015,0.0
earthgeckoSkyline,IOPS_175,2016,0.0
earthgeckoSkyline,IOPS_175,2017,0.0
earthgeckoSkyline,IOPS_175,2018,0.0
earthgeckoSkyline,IOPS_175,2019,0.0
earthgeckoSkyline,IOPS_175,2020,0.0
earthgeckoSkyline,IOPS_175,2021,0.0
earthgeckoSkyline,IOPS_175,2022,0.0
earthgeckoSkyline,IOPS_175,2023,0.0
earthgeckoSkyline,IOPS_175,2024,0.0
earthgeckoSkyline,IOPS_175,2025,0.0
earthgeckoSkyline,IOPS_175,2026,0.0
earthgeckoSkyline,IOPS_175,2027,0.0
earthgeckoSkyline,IOPS_175,2028,0.0
earthgeckoSkyline,IOPS_175,2029,0.0
earthgeckoSkyline,IOPS_175,2030,0.0
earthgeckoSkyline,IOPS_175,2031,0.0
earthgeckoSkyline,IOPS_175,2032,0.0
earthgeckoSkyline,IOPS_175,2033,0.0
earthgeckoSkyline,IOPS_175,2034,0.0
earthgeckoSkyline,IOPS_175,2035,0.0
earthgeckoSkyline,IOPS_175,2036,0.0
earthgeckoSkyline,IOPS_175,2037,0.0
earthgeckoSkyline,IOPS_175,2038,0.0
earthgeckoSkyline,IOPS_175,2039,0.0
earthgeckoSkyline,IOPS_175,2040,0.0
earthgeckoSkyline,IOPS_175,2041,0.0
earthgeckoSkyline,IOPS_175,2042,0.0
earthgeckoSkyline,IOPS_175,2043,0.0
earthgeckoSkyline,IOPS_175,2044,0.0
earthgeckoSkyline,IOPS_175,2045,0.0
earthgeckoSkyline,IOPS_175,2046,0.0
earthgeckoSkyline,IOPS_175,2047,0.0
earthgeckoSkyline,IOPS_175,2048,0.0
earthgeckoSkyline,IOPS_175,2049,0.0
earthgeckoSkyline,IOPS_175,2050,0.0
earthgeckoSkyline,IOPS_175,2051,0.0
earthgeckoSkyline,IOPS_175,2052,0.0
earthgeckoSkyline,IOPS_175,2053,0.0
earthgeckoSkyline,IOPS_175,2054,0.0
earthgeckoSkyline,IOPS_175,2055,0.0
earthgeckoSkyline,IOPS_175,2056,0.0
earthgeckoSkyline,IOPS_175,2057,0.0
earthgeckoSkyline,IOPS_175,2058,0.0
earthgeckoSkyline,IOPS_175,2059,0.0
earthgeckoSkyline,IOPS_175,2060,0.0
earthgeckoSkyline,IOPS_175,2061,0.0
earthgeckoSkyline,IOPS_175,2062,0.0
earthgeckoSkyline,IOPS_175,2063,0.0
earthgeckoSkyline,IOPS_175,2064,0.0
earthgeckoSkyline,IOPS_175,2065,0.0
earthgeckoSkyline,IOPS_175,2066,0.0
earthgeckoSkyline,IOPS_175,2067,0.0
earthgeckoSkyline,IOPS_175,2068,0.0
earthgeckoSkyline,IOPS_175,2069,0.0
earthgeckoSkyline,IOPS_175,2070,0.0
earthgeckoSkyline,IOPS_175,2071,0.0
earthgeckoSkyline,IOPS_175,2072,0.0
earthgeckoSkyline,IOPS_175,2073,0.0
earthgeckoSkyline,IOPS_175,2074,0.0
earthgeckoSkyline,IOPS_175,2075,0.0
earthgeckoSkyline,IOPS_175,2076,0.0
earthgeckoSkyline,IOPS_175,2077,0.0
earthgeckoSkyline,IOPS_175,2078,0.0
earthgeckoSkyline,IOPS_175,2079,0.0
earthgeckoSkyline,IOPS_175,2080,0.0
earthgeckoSkyline,IOPS_175,2081,0.0
earthgeckoSkyline,IOPS_175,2082,0.0
earthgeckoSkyline,IOPS_175,2083,0.0
earthgeckoSkyline,IOPS_175,2084,0.0
earthgeckoSkyline,IOPS_175,2085,0.0
earthgeckoSkyline,IOPS_175,2086,0.0
earthgeckoSkyline,IOPS_175,2087,0.0
earthgeckoSkyline,IOPS_175,2088,0.0
earthgeckoSkyline,IOPS_175,2089,0.0
earthgeckoSkyline,IOPS_175,2090,0.0
earthgeckoSkyline,IOPS_175,2091,0.0
earthgeckoSkyline,IOPS_175,2092,0.0
earthgeckoSkyline,IOPS_175,2093,0.0
earthgeckoSkyline,IOPS_175,2094,0.0
earthgeckoSkyline,IOPS_175,2095,0.0
earthgeckoSkyline,IOPS_175,2096,0.0
earthgeckoSkyline,IOPS_175,2097,0.0
earthgeckoSkyline,IOPS_175,2098,0.0
earthgeckoSkyline,IOPS_175,2099,0.0
earthgeckoSkyline,IOPS_175,2100,0.0
earthgeckoSkyline,IOPS_175,2101,0.0
earthgeckoSkyline,IOPS_175,2102,0.0
earthgeckoSkyline,IOPS_175,2103,0.0
earthgeckoSkyline,IOPS_175,2104,0.0
earthgeckoSkyline,IOPS_175,2105,0.0
earthgeckoSkyline,IOPS_175,2106,0.0
earthgeckoSkyline,IOPS_175,2107,0.0
earthgeckoSkyline,IOPS_175,2108,0.0
earthgeckoSkyline,IOPS_175,2109,0.0
earthgeckoSkyline,IOPS_175,2110,0.0
earthgeckoSkyline,IOPS_175,2111,0.0
earthgeckoSkyline,IOPS_175,2112,0.0
earthgeckoSkyline,IOPS_175,2113,0.0
earthgeckoSkyline,IOPS_175,2114,0.0
earthgeckoSkyline,IOPS_175,2115,0.0
earthgeckoSkyline,IOPS_175,2116,0.0
earthgeckoSkyline,IOPS_175,2117,0.0
earthgeckoSkyline,IOPS_175,2118,0.0
earthgeckoSkyline,IOPS_175,2119,0.0
earthgeckoSkyline,IOPS_175,2120,0.0
earthgeckoSkyline,IOPS_175,2121,0.0
earthgeckoSkyline,IOPS_175,2122,0.0
earthgeckoSkyline,IOPS_175,2123,0.0
earthgeckoSkyline,IOPS_175,2124,0.0
earthgeckoSkyline,IOPS_175,2125,0.0
earthgeckoSkyline,IOPS_175,2126,0.0
earthgeckoSkyline,IOPS_175,2127,0.0
earthgeckoSkyline,IOPS_175,2128,0.0
earthgeckoSkyline,IOPS_175,2129,0.0
earthgeckoSkyline,IOPS_175,2130,0.0
earthgeckoSkyline,IOPS_175,2131,0.0
earthgeckoSkyline,IOPS_175,2132,0.0
earthgeckoSkyline,IOPS_175,2133,0.0
earthgeckoSkyline,IOPS_175,2134,0.0
earthgeckoSkyline,IOPS_175,2135,0.0
earthgeckoSkyline,IOPS_175,2136,0.0
earthgeckoSkyline,IOPS_175,2137,0.0
earthgeckoSkyline,IOPS_175,2138,0.0
earthgeckoSkyline,IOPS_175,2139,0.0
earthgeckoSkyline,IOPS_175,2140,0.0
earthgeckoSkyline,IOPS_175,2141,0.0
earthgeckoSkyline,IOPS_175,2142,0.0
earthgeckoSkyline,IOPS_175,2143,0.0
earthgeckoSkyline,IOPS_175,2144,0.0
earthgeckoSkyline,IOPS_175,2145,0.0
earthgeckoSkyline,IOPS_175,2146,0.0
earthgeckoSkyline,IOPS_175,2147,0.0
earthgeckoSkyline,IOPS_175,2148,0.0
earthgeckoSkyline,IOPS_175,2149,0.0
earthgeckoSkyline,IOPS_175,2150,0.0
earthgeckoSkyline,IOPS_175,2151,0.0
earthgeckoSkyline,IOPS_175,2152,0.0
earthgeckoSkyline,IOPS_175,2153,0.0
earthgeckoSkyline,IOPS_175,2154,0.0
earthgeckoSkyline,IOPS_175,2155,0.0
earthgeckoSkyline,IOPS_175,2156,0.0
earthgeckoSkyline,IOPS_175,2157,1.0
earthgeckoSkyline,IOPS_175,2158,0.0
earthgeckoSkyline,IOPS_175,2159,0.0
earthgeckoSkyline,IOPS_175,2160,0.0
earthgeckoSkyline,IOPS_175,2161,0.0
earthgeckoSkyline,IOPS_175,2162,0.0
earthgeckoSkyline,IOPS_175,2163,0.0
earthgeckoSkyline,IOPS_175,2164,0.0
earthgeckoSkyline,IOPS_175,2165,0.0
earthgeckoSkyline,IOPS_175,2166,0.0
earthgeckoSkyline,IOPS_175,2167,0.0
earthgeckoSkyline,IOPS_175,2168,0.0
earthgeckoSkyline,IOPS_175,2169,0.0
earthgeckoSkyline,IOPS_175,2170,0.0
earthgeckoSkyline,IOPS_175,2171,0.0
earthgeckoSkyline,IOPS_175,2172,0.0
earthgeckoSkyline,IOPS_175,2173,0.0
earthgeckoSkyline,IOPS_175,2174,0.0
earthgeckoSkyline,IOPS_175,2175,0.0
earthgeckoSkyline,IOPS_175,2176,0.0
earthgeckoSkyline,IOPS_175,2177,0.0
earthgeckoSkyline,IOPS_175,2178,0.0
earthgeckoSkyline,IOPS_175,2179,0.0
earthgeckoSkyline,IOPS_175,2180,0.0
earthgeckoSkyline,IOPS_175,2181,0.0
earthgeckoSkyline,IOPS_175,2182,0.0
earthgeckoSkyline,IOPS_175,2183,0.0
earthgeckoSkyline,IOPS_175,2184,0.0
earthgeckoSkyline,IOPS_175,2185,0.0
earthgeckoSkyline,IOPS_175,2186,0.0
earthgeckoSkyline,IOPS_175,2187,0.0
earthgeckoSkyline,IOPS_175,2188,0.0
earthgeckoSkyline,IOPS_175,2189,0.0
earthgeckoSkyline,IOPS_175,2190,0.0
earthgeckoSkyline,IOPS_175,2191,0.0
earthgeckoSkyline,IOPS_175,2192,0.0
earthgeckoSkyline,IOPS_175,2193,0.0
earthgeckoSkyline,IOPS_175,2194,0.0
earthgeckoSkyline,IOPS_175,2195,0.0
earthgeckoSkyline,IOPS_175,2196,0.0
earthgeckoSkyline,IOPS_175,2197,0.0
earthgeckoSkyline,IOPS_175,2198,0.0
earthgeckoSkyline,IOPS_175,2199,0.0
earthgeckoSkyline,IOPS_175,2200,0.0
earthgeckoSkyline,IOPS_175,2201,0.0
earthgeckoSkyline,IOPS_175,2202,0.0
earthgeckoSkyline,IOPS_175,2203,0.0
earthgeckoSkyline,IOPS_175,2204,0.0
earthgeckoSkyline,IOPS_175,2205,0.0
earthgeckoSkyline,IOPS_175,2206,0.0
earthgeckoSkyline,IOPS_175,2207,0.0
earthgeckoSkyline,IOPS_175,2208,0.0
earthgeckoSkyline,IOPS_175,2209,0.0
earthgeckoSkyline,IOPS_175,2210,0.0
earthgeckoSkyline,IOPS_175,2211,0.0
earthgeckoSkyline,IOPS_175,2212,0.0
earthgeckoSkyline,IOPS_175,2213,0.0
earthgeckoSkyline,IOPS_175,2214,0.0
earthgeckoSkyline,IOPS_175,2215,0.0
earthgeckoSkyline,IOPS_175,2216,0.0
earthgeckoSkyline,IOPS_175,2217,0.0
earthgeckoSkyline,IOPS_175,2218,0.0
earthgeckoSkyline,IOPS_175,2219,0.0
earthgeckoSkyline,IOPS_175,2220,0.0
earthgeckoSkyline,IOPS_175,2221,0.0
earthgeckoSkyline,IOPS_175,2222,0.0
earthgeckoSkyline,IOPS_175,2223,0.0
earthgeckoSkyline,IOPS_175,2224,0.0
earthgeckoSkyline,IOPS_175,2225,0.0
earthgeckoSkyline,IOPS_175,2226,0.0
earthgeckoSkyline,IOPS_175,2227,0.0
earthgeckoSkyline,IOPS_175,2228,0.0
earthgeckoSkyline,IOPS_175,2229,0.0
earthgeckoSkyline,IOPS_175,2230,0.0
earthgeckoSkyline,IOPS_175,2231,0.0
earthgeckoSkyline,IOPS_175,2232,0.0
earthgeckoSkyline,IOPS_175,2233,0.0
earthgeckoSkyline,IOPS_175,2234,0.0
earthgeckoSkyline,IOPS_175,2235,0.0
earthgeckoSkyline,IOPS_175,2236,0.0
earthgeckoSkyline,IOPS_175,2237,0.0
earthgeckoSkyline,IOPS_175,2238,0.0
earthgeckoSkyline,IOPS_175,2239,0.0
earthgeckoSkyline,IOPS_175,2240,0.0
earthgeckoSkyline,IOPS_175,2241,0.0
earthgeckoSkyline,IOPS_175,2242,0.0
earthgeckoSkyline,IOPS_175,2243,0.0
earthgeckoSkyline,IOPS_175,2244,0.0
earthgeckoSkyline,IOPS_175,2245,0.0
earthgeckoSkyline,IOPS_175,2246,0.0
earthgeckoSkyline,IOPS_175,2247,0.0
earthgeckoSkyline,IOPS_175,2248,0.0
earthgeckoSkyline,IOPS_175,2249,0.0
earthgeckoSkyline,IOPS_175,2250,0.0
earthgeckoSkyline,IOPS_175,2251,0.0
earthgeckoSkyline,IOPS_175,2252,0.0
earthgeckoSkyline,IOPS_175,2253,0.0
earthgeckoSkyline,IOPS_175,2254,0.0
earthgeckoSkyline,IOPS_175,2255,0.0
earthgeckoSkyline,IOPS_175,2256,0.0
earthgeckoSkyline,IOPS_175,2257,0.0
earthgeckoSkyline,IOPS_175,2258,0.0
earthgeckoSkyline,IOPS_175,2259,0.0
earthgeckoSkyline,IOPS_175,2260,0.0
earthgeckoSkyline,IOPS_175,2261,0.0
earthgeckoSkyline,IOPS_175,2262,0.0
earthgeckoSkyline,IOPS_175,2263,0.0
earthgeckoSkyline,IOPS_175,2264,0.0
earthgeckoSkyline,IOPS_175,2265,0.0
earthgeckoSkyline,IOPS_175,2266,0.0
earthgeckoSkyline,IOPS_175,2267,0.0
earthgeckoSkyline,IOPS_175,2268,0.0
earthgeckoSkyline,IOPS_175,2269,0.0
earthgeckoSkyline,IOPS_175,2270,0.0
earthgeckoSkyline,IOPS_175,2271,0.0
earthgeckoSkyline,IOPS_175,2272,0.0
earthgeckoSkyline,IOPS_175,2273,0.0
earthgeckoSkyline,IOPS_175,2274,0.0
earthgeckoSkyline,IOPS_175,2275,0.0
earthgeckoSkyline,IOPS_175,2276,0.0
earthgeckoSkyline,IOPS_175,2277,0.0
earthgeckoSkyline,IOPS_175,2278,0.0
earthgeckoSkyline,IOPS_175,2279,0.0
earthgeckoSkyline,IOPS_175,2280,0.0
earthgeckoSkyline,IOPS_175,2281,0.0
earthgeckoSkyline,IOPS_175,2282,0.0
earthgeckoSkyline,IOPS_175,2283,0.0
earthgeckoSkyline,IOPS_175,2284,0.0
earthgeckoSkyline,IOPS_175,2285,0.0
earthgeckoSkyline,IOPS_175,2286,0.0
earthgeckoSkyline,IOPS_175,2287,0.0
earthgeckoSkyline,IOPS_175,2288,0.0
earthgeckoSkyline,IOPS_175,2289,0.0
earthgeckoSkyline,IOPS_175,2290,0.0
earthgeckoSkyline,IOPS_175,2291,0.0
earthgeckoSkyline,IOPS_175,2292,0.0
earthgeckoSkyline,IOPS_175,2293,0.0
earthgeckoSkyline,IOPS_175,2294,0.0
earthgeckoSkyline,IOPS_175,2295,0.0
earthgeckoSkyline,IOPS_175,2296,0.0
earthgeckoSkyline,IOPS_175,2297,0.0
earthgeckoSkyline,IOPS_175,2298,0.0
earthgeckoSkyline,IOPS_175,2299,0.0
earthgeckoSkyline,IOPS_175,2300,0.0
earthgeckoSkyline,IOPS_175,2301,0.0
earthgeckoSkyline,IOPS_175,2302,0.0
earthgeckoSkyline,IOPS_175,2303,0.0
earthgeckoSkyline,IOPS_175,2304,0.0
earthgeckoSkyline,IOPS_175,2305,0.0
earthgeckoSkyline,IOPS_175,2306,0.0
earthgeckoSkyline,IOPS_175,2307,0.0
earthgeckoSkyline,IOPS_175,2308,0.0
earthgeckoSkyline,IOPS_175,2309,0.0
earthgeckoSkyline,IOPS_175,2310,0.0
earthgeckoSkyline,IOPS_175,2311,0.0
earthgeckoSkyline,IOPS_175,2312,0.0
earthgeckoSkyline,IOPS_175,2313,0.0
earthgeckoSkyline,IOPS_175,2314,0.0
earthgeckoSkyline,IOPS_175,2315,0.0
earthgeckoSkyline,IOPS_175,2316,0.0
earthgeckoSkyline,IOPS_175,2317,0.0
earthgeckoSkyline,IOPS_175,2318,0.0
earthgeckoSkyline,IOPS_175,2319,0.0
earthgeckoSkyline,IOPS_175,2320,0.0
earthgeckoSkyline,IOPS_175,2321,0.0
earthgeckoSkyline,IOPS_175,2322,0.0
earthgeckoSkyline,IOPS_175,2323,0.0
earthgeckoSkyline,IOPS_175,2324,0.0
earthgeckoSkyline,IOPS_175,2325,0.0
earthgeckoSkyline,IOPS_175,2326,0.0
earthgeckoSkyline,IOPS_175,2327,0.0
earthgeckoSkyline,IOPS_175,2328,0.0
earthgeckoSkyline,IOPS_175,2329,0.0
earthgeckoSkyline,IOPS_175,2330,0.0
earthgeckoSkyline,IOPS_175,2331,0.0
earthgeckoSkyline,IOPS_175,2332,0.0
earthgeckoSkyline,IOPS_175,2333,0.0
earthgeckoSkyline,IOPS_175,2334,0.0
earthgeckoSkyline,IOPS_175,2335,0.0
earthgeckoSkyline,IOPS_175,2336,0.0
earthgeckoSkyline,IOPS_175,2337,0.0
earthgeckoSkyline,IOPS_175,2338,0.0
earthgeckoSkyline,IOPS_175,2339,0.0
earthgeckoSkyline,IOPS_175,2340,0.0
earthgeckoSkyline,IOPS_175,2341,0.0
earthgeckoSkyline,IOPS_175,2342,0.0
earthgeckoSkyline,IOPS_175,2343,0.0
earthgeckoSkyline,IOPS_175,2344,0.0
earthgeckoSkyline,IOPS_175,2345,0.0
earthgeckoSkyline,IOPS_175,2346,0.0
earthgeckoSkyline,IOPS_175,2347,0.0
earthgeckoSkyline,IOPS_175,2348,0.0
earthgeckoSkyline,IOPS_175,2349,0.0
earthgeckoSkyline,IOPS_175,2350,0.0
earthgeckoSkyline,IOPS_175,2351,0.0
earthgeckoSkyline,IOPS_175,2352,0.0
earthgeckoSkyline,IOPS_175,2353,0.0
earthgeckoSkyline,IOPS_175,2354,0.0
earthgeckoSkyline,IOPS_175,2355,0.0
earthgeckoSkyline,IOPS_175,2356,0.0
earthgeckoSkyline,IOPS_175,2357,0.0
earthgeckoSkyline,IOPS_175,2358,0.0
earthgeckoSkyline,IOPS_175,2359,0.0
earthgeckoSkyline,IOPS_175,2360,0.0
earthgeckoSkyline,IOPS_175,2361,0.0
earthgeckoSkyline,IOPS_175,2362,0.0
earthgeckoSkyline,IOPS_175,2363,0.0
earthgeckoSkyline,IOPS_175,2364,0.0
earthgeckoSkyline,IOPS_175,2365,0.0
earthgeckoSkyline,IOPS_175,2366,0.0
earthgeckoSkyline,IOPS_175,2367,0.0
earthgeckoSkyline,IOPS_175,2368,0.0
earthgeckoSkyline,IOPS_175,2369,0.0
earthgeckoSkyline,IOPS_175,2370,0.0
earthgeckoSkyline,IOPS_175,2371,0.0
earthgeckoSkyline,IOPS_175,2372,0.0
earthgeckoSkyline,IOPS_175,2373,0.0
earthgeckoSkyline,IOPS_175,2374,0.0
earthgeckoSkyline,IOPS_175,2375,0.0
earthgeckoSkyline,IOPS_175,2376,0.0
earthgeckoSkyline,IOPS_175,2377,0.0
earthgeckoSkyline,IOPS_175,2378,0.0
earthgeckoSkyline,IOPS_175,2379,0.0
earthgeckoSkyline,IOPS_175,2380,0.0
earthgeckoSkyline,IOPS_175,2381,0.0
earthgeckoSkyline,IOPS_175,2382,0.0
earthgeckoSkyline,IOPS_175,2383,0.0
earthgeckoSkyline,IOPS_175,2384,0.0
earthgeckoSkyline,IOPS_175,2385,0.0
earthgeckoSkyline,IOPS_175,2386,0.0
earthgeckoSkyline,IOPS_175,2387,0.0
earthgeckoSkyline,IOPS_175,2388,0.0
earthgeckoSkyline,IOPS_175,2389,0.0
earthgeckoSkyline,IOPS_175,2390,0.0
earthgeckoSkyline,IOPS_175,2391,0.0
earthgeckoSkyline,IOPS_175,2392,0.0
earthgeckoSkyline,IOPS_175,2393,0.0
earthgeckoSkyline,IOPS_175,2394,0.0
earthgeckoSkyline,IOPS_175,2395,0.0
earthgeckoSkyline,IOPS_175,2396,0.0
earthgeckoSkyline,IOPS_175,2397,0.0
earthgeckoSkyline,IOPS_175,2398,0.0
earthgeckoSkyline,IOPS_175,2399,0.0
earthgeckoSkyline,IOPS_175,2400,0.0
earthgeckoSkyline,IOPS_175,2401,0.0
earthgeckoSkyline,IOPS_175,2402,0.0
earthgeckoSkyline,IOPS_175,2403,0.0
earthgeckoSkyline,IOPS_175,2404,0.0
earthgeckoSkyline,IOPS_175,2405,0.0
earthgeckoSkyline,IOPS_175,2406,0.0
earthgeckoSkyline,IOPS_175,2407,0.0
earthgeckoSkyline,IOPS_175,2408,0.0
earthgeckoSkyline,IOPS_175,2409,0.0
earthgeckoSkyline,IOPS_175,2410,0.0
earthgeckoSkyline,IOPS_175,2411,0.0
earthgeckoSkyline,IOPS_175,2412,0.0
earthgeckoSkyline,IOPS_175,2413,0.0
earthgeckoSkyline,IOPS_175,2414,0.0
earthgeckoSkyline,IOPS_175,2415,0.0
earthgeckoSkyline,IOPS_175,2416,0.0
earthgeckoSkyline,IOPS_175,2417,0.0
earthgeckoSkyline,IOPS_175,2418,0.0
earthgeckoSkyline,IOPS_175,2419,0.0
earthgeckoSkyline,IOPS_175,2420,0.0
earthgeckoSkyline,IOPS_175,2421,0.0
earthgeckoSkyline,IOPS_175,2422,0.0
earthgeckoSkyline,IOPS_175,2423,0.0
earthgeckoSkyline,IOPS_175,2424,0.0
earthgeckoSkyline,IOPS_175,2425,0.0
earthgeckoSkyline,IOPS_175,2426,0.0
earthgeckoSkyline,IOPS_175,2427,0.0
earthgeckoSkyline,IOPS_175,2428,0.0
earthgeckoSkyline,IOPS_175,2429,0.0
earthgeckoSkyline,IOPS_175,2430,0.0
earthgeckoSkyline,IOPS_175,2431,0.0
earthgeckoSkyline,IOPS_175,2432,0.0
earthgeckoSkyline,IOPS_175,2433,0.0
earthgeckoSkyline,IOPS_175,2434,0.0
earthgeckoSkyline,IOPS_175,2435,0.0
earthgeckoSkyline,IOPS_175,2436,0.0
earthgeckoSkyline,IOPS_175,2437,0.0
earthgeckoSkyline,IOPS_175,2438,0.0
earthgeckoSkyline,IOPS_175,2439,0.0
earthgeckoSkyline,IOPS_175,2440,0.0
earthgeckoSkyline,IOPS_175,2441,0.0
earthgeckoSkyline,IOPS_175,2442,0.0
earthgeckoSkyline,IOPS_175,2443,0.0
earthgeckoSkyline,IOPS_175,2444,0.0
earthgeckoSkyline,IOPS_175,2445,0.0
earthgeckoSkyline,IOPS_175,2446,0.0
earthgeckoSkyline,IOPS_175,2447,0.0
earthgeckoSkyline,IOPS_175,2448,0.0
earthgeckoSkyline,IOPS_175,2449,0.0
earthgeckoSkyline,IOPS_175,2450,0.0
earthgeckoSkyline,IOPS_175,2451,0.0
earthgeckoSkyline,IOPS_175,2452,0.0
earthgeckoSkyline,IOPS_175,2453,0.0
earthgeckoSkyline,IOPS_175,2454,0.0
earthgeckoSkyline,IOPS_175,2455,0.0
earthgeckoSkyline,IOPS_175,2456,0.0
earthgeckoSkyline,IOPS_175,2457,0.0
earthgeckoSkyline,IOPS_175,2458,0.0
earthgeckoSkyline,IOPS_175,2459,0.0
earthgeckoSkyline,IOPS_175,2460,0.0
earthgeckoSkyline,IOPS_175,2461,0.0
earthgeckoSkyline,IOPS_175,2462,0.0
earthgeckoSkyline,IOPS_175,2463,0.0
earthgeckoSkyline,IOPS_175,2464,0.0
earthgeckoSkyline,IOPS_175,2465,0.0
earthgeckoSkyline,IOPS_175,2466,0.0
earthgeckoSkyline,IOPS_175,2467,0.0
earthgeckoSkyline,IOPS_175,2468,0.0
earthgeckoSkyline,IOPS_175,2469,0.0
earthgeckoSkyline,IOPS_175,2470,0.0
earthgeckoSkyline,IOPS_175,2471,0.0
earthgeckoSkyline,IOPS_175,2472,0.0
earthgeckoSkyline,IOPS_175,2473,0.0
earthgeckoSkyline,IOPS_175,2474,0.0
earthgeckoSkyline,IOPS_175,2475,0.0
earthgeckoSkyline,IOPS_175,2476,0.0
earthgeckoSkyline,IOPS_175,2477,0.0
earthgeckoSkyline,IOPS_175,2478,0.0
earthgeckoSkyline,IOPS_175,2479,0.0
earthgeckoSkyline,IOPS_175,2480,0.0
earthgeckoSkyline,IOPS_175,2481,0.0
earthgeckoSkyline,IOPS_175,2482,0.0
earthgeckoSkyline,IOPS_175,2483,0.0
earthgeckoSkyline,IOPS_175,2484,0.0
earthgeckoSkyline,IOPS_175,2485,0.0
earthgeckoSkyline,IOPS_175,2486,0.0
earthgeckoSkyline,IOPS_175,2487,0.0
earthgeckoSkyline,IOPS_175,2488,0.0
earthgeckoSkyline,IOPS_175,2489,0.0
earthgeckoSkyline,IOPS_175,2490,0.0
earthgeckoSkyline,IOPS_175,2491,0.0
earthgeckoSkyline,IOPS_175,2492,0.0
earthgeckoSkyline,IOPS_175,2493,0.0
earthgeckoSkyline,IOPS_175,2494,0.0
earthgeckoSkyline,IOPS_175,2495,0.0
earthgeckoSkyline,IOPS_175,2496,0.0
earthgeckoSkyline,IOPS_175,2497,0.0
earthgeckoSkyline,IOPS_175,2498,0.0
earthgeckoSkyline,IOPS_175,2499,0.0
earthgeckoSkyline,IOPS_175,2500,0.0
earthgeckoSkyline,IOPS_175,2501,0.0
earthgeckoSkyline,IOPS_175,2502,0.0
earthgeckoSkyline,IOPS_175,2503,0.0
earthgeckoSkyline,IOPS_175,2504,0.0
earthgeckoSkyline,IOPS_175,2505,0.0
earthgeckoSkyline,IOPS_175,2506,0.0
earthgeckoSkyline,IOPS_175,2507,0.0
earthgeckoSkyline,IOPS_175,2508,0.0
earthgeckoSkyline,IOPS_175,2509,0.0
earthgeckoSkyline,IOPS_175,2510,0.0
earthgeckoSkyline,IOPS_175,2511,0.0
earthgeckoSkyline,IOPS_175,2512,0.0
earthgeckoSkyline,IOPS_175,2513,0.0
earthgeckoSkyline,IOPS_175,2514,0.0
earthgeckoSkyline,IOPS_175,2515,0.0
earthgeckoSkyline,IOPS_175,2516,0.0
earthgeckoSkyline,IOPS_175,2517,0.0
earthgeckoSkyline,IOPS_175,2518,0.0
earthgeckoSkyline,IOPS_175,2519,0.0
earthgeckoSkyline,IOPS_175,2520,0.0
earthgeckoSkyline,IOPS_175,2521,0.0
earthgeckoSkyline,IOPS_175,2522,0.0
earthgeckoSkyline,IOPS_175,2523,0.0
earthgeckoSkyline,IOPS_175,2524,0.0
earthgeckoSkyline,IOPS_175,2525,0.0
earthgeckoSkyline,IOPS_175,2526,0.0
earthgeckoSkyline,IOPS_175,2527,0.0
earthgeckoSkyline,IOPS_175,2528,0.0
earthgeckoSkyline,IOPS_175,2529,0.0
earthgeckoSkyline,IOPS_175,2530,0.0
earthgeckoSkyline,IOPS_175,2531,0.0
earthgeckoSkyline,IOPS_175,2532,0.0
earthgeckoSkyline,IOPS_175,2533,0.0
earthgeckoSkyline,IOPS_175,2534,0.0
earthgeckoSkyline,IOPS_175,2535,0.0
earthgeckoSkyline,IOPS_175,2536,0.0
earthgeckoSkyline,IOPS_175,2537,0.0
earthgeckoSkyline,IOPS_175,2538,0.0
earthgeckoSkyline,IOPS_175,2539,0.0
earthgeckoSkyline,IOPS_175,2540,0.0
earthgeckoSkyline,IOPS_175,2541,0.0
earthgeckoSkyline,IOPS_175,2542,0.0
earthgeckoSkyline,IOPS_175,2543,0.0
earthgeckoSkyline,IOPS_175,2544,0.0
earthgeckoSkyline,IOPS_175,2545,0.0
earthgeckoSkyline,IOPS_175,2546,0.0
earthgeckoSkyline,IOPS_175,2547,0.0
earthgeckoSkyline,IOPS_175,2548,0.0
earthgeckoSkyline,IOPS_175,2549,0.0
earthgeckoSkyline,IOPS_175,2550,0.0
earthgeckoSkyline,IOPS_175,2551,0.0
earthgeckoSkyline,IOPS_175,2552,0.0
earthgeckoSkyline,IOPS_175,2553,0.0
earthgeckoSkyline,IOPS_175,2554,0.0
earthgeckoSkyline,IOPS_175,2555,0.0
earthgeckoSkyline,IOPS_175,2556,0.0
earthgeckoSkyline,IOPS_175,2557,0.0
earthgeckoSkyline,IOPS_175,2558,0.0
earthgeckoSkyline,IOPS_175,2559,0.0
earthgeckoSkyline,IOPS_175,2560,0.0
earthgeckoSkyline,IOPS_175,2561,0.0
earthgeckoSkyline,IOPS_175,2562,0.0
earthgeckoSkyline,IOPS_175,2563,0.0
earthgeckoSkyline,IOPS_175,2564,0.0
earthgeckoSkyline,IOPS_175,2565,0.0
earthgeckoSkyline,IOPS_175,2566,0.0
earthgeckoSkyline,IOPS_175,2567,0.0
earthgeckoSkyline,IOPS_175,2568,0.0
earthgeckoSkyline,IOPS_175,2569,0.0
earthgeckoSkyline,IOPS_175,2570,0.0
earthgeckoSkyline,IOPS_175,2571,0.0
earthgeckoSkyline,IOPS_175,2572,0.0
earthgeckoSkyline,IOPS_175,2573,0.0
earthgeckoSkyline,IOPS_175,2574,0.0
earthgeckoSkyline,IOPS_175,2575,0.0
earthgeckoSkyline,IOPS_175,2576,0.0
earthgeckoSkyline,IOPS_175,2577,0.0
earthgeckoSkyline,IOPS_175,2578,0.0
earthgeckoSkyline,IOPS_175,2579,0.0
earthgeckoSkyline,IOPS_175,2580,0.0
earthgeckoSkyline,IOPS_175,2581,0.0
earthgeckoSkyline,IOPS_175,2582,0.0
earthgeckoSkyline,IOPS_175,2583,0.0
earthgeckoSkyline,IOPS_175,2584,0.0
earthgeckoSkyline,IOPS_175,2585,0.0
earthgeckoSkyline,IOPS_175,2586,0.0
earthgeckoSkyline,IOPS_175,2587,0.0
earthgeckoSkyline,IOPS_175,2588,0.0
earthgeckoSkyline,IOPS_175,2589,0.0
earthgeckoSkyline,IOPS_175,2590,0.0
earthgeckoSkyline,IOPS_175,2591,0.0
earthgeckoSkyline,IOPS_175,2592,0.0
earthgeckoSkyline,IOPS_175,2593,0.0
earthgeckoSkyline,IOPS_175,2594,0.0
earthgeckoSkyline,IOPS_175,2595,0.0
earthgeckoSkyline,IOPS_175,2596,0.0
earthgeckoSkyline,IOPS_175,2597,0.0
earthgeckoSkyline,IOPS_175,2598,0.0
earthgeckoSkyline,IOPS_175,2599,0.0
earthgeckoSkyline,IOPS_175,2600,0.0
earthgeckoSkyline,IOPS_175,2601,0.0
earthgeckoSkyline,IOPS_175,2602,0.0
earthgeckoSkyline,IOPS_175,2603,0.0
earthgeckoSkyline,IOPS_175,2604,0.0
earthgeckoSkyline,IOPS_175,2605,0.0
earthgeckoSkyline,IOPS_175,2606,0.0
earthgeckoSkyline,IOPS_175,2607,0.0
earthgeckoSkyline,IOPS_175,2608,0.0
earthgeckoSkyline,IOPS_175,2609,0.0
earthgeckoSkyline,IOPS_175,2610,0.0
earthgeckoSkyline,IOPS_175,2611,0.0
earthgeckoSkyline,IOPS_175,2612,0.0
earthgeckoSkyline,IOPS_175,2613,0.0
earthgeckoSkyline,IOPS_175,2614,0.0
earthgeckoSkyline,IOPS_175,2615,0.0
earthgeckoSkyline,IOPS_175,2616,0.0
earthgeckoSkyline,IOPS_175,2617,0.0
earthgeckoSkyline,IOPS_175,2618,0.0
earthgeckoSkyline,IOPS_175,2619,0.0
earthgeckoSkyline,IOPS_175,2620,0.0
earthgeckoSkyline,IOPS_175,2621,0.0
earthgeckoSkyline,IOPS_175,2622,0.0
earthgeckoSkyline,IOPS_175,2623,0.0
earthgeckoSkyline,IOPS_175,2624,0.0
earthgeckoSkyline,IOPS_175,2625,0.0
earthgeckoSkyline,IOPS_175,2626,0.0
earthgeckoSkyline,IOPS_175,2627,0.0
earthgeckoSkyline,IOPS_175,2628,0.0
earthgeckoSkyline,IOPS_175,2629,0.0
earthgeckoSkyline,IOPS_175,2630,0.0
earthgeckoSkyline,IOPS_175,2631,0.0
earthgeckoSkyline,IOPS_175,2632,0.0
earthgeckoSkyline,IOPS_175,2633,0.0
earthgeckoSkyline,IOPS_175,2634,0.0
earthgeckoSkyline,IOPS_175,2635,0.0
earthgeckoSkyline,IOPS_175,2636,0.0
earthgeckoSkyline,IOPS_175,2637,0.0
earthgeckoSkyline,IOPS_175,2638,0.0
earthgeckoSkyline,IOPS_175,2639,0.0
earthgeckoSkyline,IOPS_175,2640,0.0
earthgeckoSkyline,IOPS_175,2641,0.0
earthgeckoSkyline,IOPS_175,2642,0.0
earthgeckoSkyline,IOPS_175,2643,0.0
earthgeckoSkyline,IOPS_175,2644,0.0
earthgeckoSkyline,IOPS_175,2645,0.0
earthgeckoSkyline,IOPS_175,2646,0.0
earthgeckoSkyline,IOPS_175,2647,0.0
earthgeckoSkyline,IOPS_175,2648,0.0
earthgeckoSkyline,IOPS_175,2649,0.0
earthgeckoSkyline,IOPS_175,2650,0.0
earthgeckoSkyline,IOPS_175,2651,0.0
earthgeckoSkyline,IOPS_175,2652,0.0
earthgeckoSkyline,IOPS_175,2653,0.0
earthgeckoSkyline,IOPS_175,2654,0.0
earthgeckoSkyline,IOPS_175,2655,0.0
earthgeckoSkyline,IOPS_175,2656,0.0
earthgeckoSkyline,IOPS_175,2657,0.0
earthgeckoSkyline,IOPS_175,2658,0.0
earthgeckoSkyline,IOPS_175,2659,0.0
earthgeckoSkyline,IOPS_175,2660,0.0
earthgeckoSkyline,IOPS_175,2661,0.0
earthgeckoSkyline,IOPS_175,2662,0.0
earthgeckoSkyline,IOPS_175,2663,0.0
earthgeckoSkyline,IOPS_175,2664,0.0
earthgeckoSkyline,IOPS_175,2665,0.0
earthgeckoSkyline,IOPS_175,2666,0.0
earthgeckoSkyline,IOPS_175,2667,0.0
earthgeckoSkyline,IOPS_175,2668,0.0
earthgeckoSkyline,IOPS_175,2669,0.0
earthgeckoSkyline,IOPS_175,2670,0.0
earthgeckoSkyline,IOPS_175,2671,0.0
earthgeckoSkyline,IOPS_175,2672,0.0
earthgeckoSkyline,IOPS_175,2673,0.0
earthgeckoSkyline,IOPS_175,2674,0.0
earthgeckoSkyline,IOPS_175,2675,0.0
earthgeckoSkyline,IOPS_175,2676,0.0
earthgeckoSkyline,IOPS_175,2677,0.0
earthgeckoSkyline,IOPS_175,2678,0.0
earthgeckoSkyline,IOPS_175,2679,0.0
earthgeckoSkyline,IOPS_175,2680,0.0
earthgeckoSkyline,IOPS_175,2681,0.0
earthgeckoSkyline,IOPS_175,2682,0.0
earthgeckoSkyline,IOPS_175,2683,0.0
earthgeckoSkyline,IOPS_175,2684,0.0
earthgeckoSkyline,IOPS_175,2685,0.0
earthgeckoSkyline,IOPS_175,2686,0.0
earthgeckoSkyline,IOPS_175,2687,0.0
earthgeckoSkyline,IOPS_175,2688,0.0
earthgeckoSkyline,IOPS_175,2689,0.0
earthgeckoSkyline,IOPS_175,2690,0.0
earthgeckoSkyline,IOPS_175,2691,0.0
earthgeckoSkyline,IOPS_175,2692,0.0
earthgeckoSkyline,IOPS_175,2693,0.0
earthgeckoSkyline,IOPS_175,2694,0.0
earthgeckoSkyline,IOPS_175,2695,0.0
earthgeckoSkyline,IOPS_175,2696,0.0
earthgeckoSkyline,IOPS_175,2697,0.0
earthgeckoSkyline,IOPS_175,2698,0.0
earthgeckoSkyline,IOPS_175,2699,0.0
earthgeckoSkyline,IOPS_175,2700,0.0
earthgeckoSkyline,IOPS_175,2701,0.0
earthgeckoSkyline,IOPS_175,2702,0.0
earthgeckoSkyline,IOPS_175,2703,0.0
earthgeckoSkyline,IOPS_175,2704,0.0
earthgeckoSkyline,IOPS_175,2705,0.0
earthgeckoSkyline,IOPS_175,2706,0.0
earthgeckoSkyline,IOPS_175,2707,0.0
earthgeckoSkyline,IOPS_175,2708,0.0
earthgeckoSkyline,IOPS_175,2709,0.0
earthgeckoSkyline,IOPS_175,2710,0.0
earthgeckoSkyline,IOPS_175,2711,0.0
earthgeckoSkyline,IOPS_175,2712,0.0
earthgeckoSkyline,IOPS_175,2713,0.0
earthgeckoSkyline,IOPS_175,2714,0.0
earthgeckoSkyline,IOPS_175,2715,0.0
earthgeckoSkyline,IOPS_175,2716,0.0
earthgeckoSkyline,IOPS_175,2717,0.0
earthgeckoSkyline,IOPS_175,2718,0.0
earthgeckoSkyline,IOPS_175,2719,0.0
earthgeckoSkyline,IOPS_175,2720,0.0
earthgeckoSkyline,IOPS_175,2721,0.0
earthgeckoSkyline,IOPS_175,2722,0.0
earthgeckoSkyline,IOPS_175,2723,0.0
earthgeckoSkyline,IOPS_175,2724,0.0
earthgeckoSkyline,IOPS_175,2725,0.0
earthgeckoSkyline,IOPS_175,2726,0.0
earthgeckoSkyline,IOPS_175,2727,0.0
earthgeckoSkyline,IOPS_175,2728,0.0
earthgeckoSkyline,IOPS_175,2729,0.0
earthgeckoSkyline,IOPS_175,2730,0.0
earthgeckoSkyline,IOPS_175,2731,0.0
earthgeckoSkyline,IOPS_175,2732,0.0
earthgeckoSkyline,IOPS_175,2733,0.0
earthgeckoSkyline,IOPS_175,2734,0.0
earthgeckoSkyline,IOPS_175,2735,0.0
earthgeckoSkyline,IOPS_175,2736,0.0
earthgeckoSkyline,IOPS_175,2737,0.0
earthgeckoSkyline,IOPS_175,2738,0.0
earthgeckoSkyline,IOPS_175,2739,0.0
earthgeckoSkyline,IOPS_175,2740,0.0
earthgeckoSkyline,IOPS_175,2741,0.0
earthgeckoSkyline,IOPS_175,2742,0.0
earthgeckoSkyline,IOPS_175,2743,0.0
earthgeckoSkyline,IOPS_175,2744,0.0
earthgeckoSkyline,IOPS_175,2745,0.0
earthgeckoSkyline,IOPS_175,2746,0.0
earthgeckoSkyline,IOPS_175,2747,0.0
earthgeckoSkyline,IOPS_175,2748,0.0
earthgeckoSkyline,IOPS_175,2749,0.0
earthgeckoSkyline,IOPS_175,2750,0.0
earthgeckoSkyline,IOPS_175,2751,0.0
earthgeckoSkyline,IOPS_175,2752,0.0
earthgeckoSkyline,IOPS_175,2753,0.0
earthgeckoSkyline,IOPS_175,2754,0.0
earthgeckoSkyline,IOPS_175,2755,0.0
earthgeckoSkyline,IOPS_175,2756,0.0
earthgeckoSkyline,IOPS_175,2757,0.0
earthgeckoSkyline,IOPS_175,2758,0.0
earthgeckoSkyline,IOPS_175,2759,0.0
earthgeckoSkyline,IOPS_175,2760,0.0
earthgeckoSkyline,IOPS_175,2761,0.0
earthgeckoSkyline,IOPS_175,2762,0.0
earthgeckoSkyline,IOPS_175,2763,0.0
earthgeckoSkyline,IOPS_175,2764,0.0
earthgeckoSkyline,IOPS_175,2765,0.0
earthgeckoSkyline,IOPS_175,2766,0.0
earthgeckoSkyline,IOPS_175,2767,0.0
earthgeckoSkyline,IOPS_175,2768,0.0
earthgeckoSkyline,IOPS_175,2769,0.0
earthgeckoSkyline,IOPS_175,2770,0.0
earthgeckoSkyline,IOPS_175,2771,0.0
earthgeckoSkyline,IOPS_175,2772,0.0
earthgeckoSkyline,IOPS_175,2773,0.0
earthgeckoSkyline,IOPS_175,2774,0.0
earthgeckoSkyline,IOPS_175,2775,0.0
earthgeckoSkyline,IOPS_175,2776,0.0
earthgeckoSkyline,IOPS_175,2777,0.0
earthgeckoSkyline,IOPS_175,2778,0.0
earthgeckoSkyline,IOPS_175,2779,0.0
earthgeckoSkyline,IOPS_175,2780,0.0
earthgeckoSkyline,IOPS_175,2781,0.0
earthgeckoSkyline,IOPS_175,2782,0.0
earthgeckoSkyline,IOPS_175,2783,0.0
earthgeckoSkyline,IOPS_175,2784,0.0
earthgeckoSkyline,IOPS_175,2785,0.0
earthgeckoSkyline,IOPS_175,2786,0.0
earthgeckoSkyline,IOPS_175,2787,0.0
earthgeckoSkyline,IOPS_175,2788,0.0
earthgeckoSkyline,IOPS_175,2789,0.0
earthgeckoSkyline,IOPS_175,2790,0.0
earthgeckoSkyline,IOPS_175,2791,0.0
earthgeckoSkyline,IOPS_175,2792,0.0
earthgeckoSkyline,IOPS_175,2793,0.0
earthgeckoSkyline,IOPS_175,2794,0.0
earthgeckoSkyline,IOPS_175,2795,0.0
earthgeckoSkyline,IOPS_175,2796,0.0
earthgeckoSkyline,IOPS_175,2797,0.0
earthgeckoSkyline,IOPS_175,2798,0.0
earthgeckoSkyline,IOPS_175,2799,0.0
earthgeckoSkyline,IOPS_175,2800,0.0
earthgeckoSkyline,IOPS_175,2801,0.0
earthgeckoSkyline,IOPS_175,2802,0.0
earthgeckoSkyline,IOPS_175,2803,0.0
earthgeckoSkyline,IOPS_175,2804,0.0
earthgeckoSkyline,IOPS_175,2805,0.0
earthgeckoSkyline,IOPS_175,2806,0.0
earthgeckoSkyline,IOPS_175,2807,0.0
earthgeckoSkyline,IOPS_175,2808,0.0
earthgeckoSkyline,IOPS_175,2809,0.0
earthgeckoSkyline,IOPS_175,2810,0.0
earthgeckoSkyline,IOPS_175,2811,0.0
earthgeckoSkyline,IOPS_175,2812,0.0
earthgeckoSkyline,IOPS_175,2813,0.0
earthgeckoSkyline,IOPS_175,2814,0.0
earthgeckoSkyline,IOPS_175,2815,0.0
earthgeckoSkyline,IOPS_175,2816,0.0
earthgeckoSkyline,IOPS_175,2817,0.0
earthgeckoSkyline,IOPS_175,2818,0.0
earthgeckoSkyline,IOPS_175,2819,0.0
earthgeckoSkyline,IOPS_175,2820,0.0
earthgeckoSkyline,IOPS_175,2821,0.0
earthgeckoSkyline,IOPS_175,2822,0.0
earthgeckoSkyline,IOPS_175,2823,0.0
earthgeckoSkyline,IOPS_175,2824,0.0
earthgeckoSkyline,IOPS_175,2825,0.0
earthgeckoSkyline,IOPS_175,2826,0.0
earthgeckoSkyline,IOPS_175,2827,0.0
earthgeckoSkyline,IOPS_175,2828,0.0
earthgeckoSkyline,IOPS_175,2829,0.0
earthgeckoSkyline,IOPS_175,2830,0.0
earthgeckoSkyline,IOPS_175,2831,0.0
earthgeckoSkyline,IOPS_175,2832,0.0
earthgeckoSkyline,IOPS_175,2833,0.0
earthgeckoSkyline,IOPS_175,2834,0.0
earthgeckoSkyline,IOPS_175,2835,0.0
earthgeckoSkyline,IOPS_175,2836,0.0
earthgeckoSkyline,IOPS_175,2837,0.0
earthgeckoSkyline,IOPS_175,2838,0.0
earthgeckoSkyline,IOPS_175,2839,0.0
earthgeckoSkyline,IOPS_175,2840,0.0
earthgeckoSkyline,IOPS_175,2841,0.0
earthgeckoSkyline,IOPS_175,2842,0.0
earthgeckoSkyline,IOPS_175,2843,0.0
earthgeckoSkyline,IOPS_175,2844,0.0
earthgeckoSkyline,IOPS_175,2845,0.0
earthgeckoSkyline,IOPS_175,2846,0.0
earthgeckoSkyline,IOPS_175,2847,0.0
earthgeckoSkyline,IOPS_175,2848,0.0
earthgeckoSkyline,IOPS_175,2849,0.0
earthgeckoSkyline,IOPS_175,2850,0.0
earthgeckoSkyline,IOPS_175,2851,0.0
earthgeckoSkyline,IOPS_175,2852,0.0
earthgeckoSkyline,IOPS_175,2853,0.0
earthgeckoSkyline,IOPS_175,2854,0.0
earthgeckoSkyline,IOPS_175,2855,0.0
earthgeckoSkyline,IOPS_175,2856,0.0
earthgeckoSkyline,IOPS_175,2857,0.0
earthgeckoSkyline,IOPS_175,2858,0.0
earthgeckoSkyline,IOPS_175,2859,0.0
earthgeckoSkyline,IOPS_175,2860,0.0
earthgeckoSkyline,IOPS_175,2861,0.0
earthgeckoSkyline,IOPS_175,2862,0.0
earthgeckoSkyline,IOPS_175,2863,0.0
earthgeckoSkyline,IOPS_175,2864,0.0
earthgeckoSkyline,IOPS_175,2865,0.0
earthgeckoSkyline,IOPS_175,2866,0.0
earthgeckoSkyline,IOPS_175,2867,0.0
earthgeckoSkyline,IOPS_175,2868,0.0
earthgeckoSkyline,IOPS_175,2869,0.0
earthgeckoSkyline,IOPS_175,2870,0.0
earthgeckoSkyline,IOPS_175,2871,0.0
earthgeckoSkyline,IOPS_175,2872,0.0
earthgeckoSkyline,IOPS_175,2873,0.0
earthgeckoSkyline,IOPS_175,2874,0.0
earthgeckoSkyline,IOPS_175,2875,0.0
earthgeckoSkyline,IOPS_175,2876,0.0
earthgeckoSkyline,IOPS_175,2877,0.0
earthgeckoSkyline,IOPS_175,2878,0.0
earthgeckoSkyline,IOPS_175,2879,0.0
earthgeckoSkyline,IOPS_175,2880,0.0
earthgeckoSkyline,IOPS_175,2881,0.0
earthgeckoSkyline,IOPS_175,2882,0.0
earthgeckoSkyline,IOPS_175,2883,0.0
earthgeckoSkyline,IOPS_175,2884,0.0
earthgeckoSkyline,IOPS_175,2885,0.0
earthgeckoSkyline,IOPS_175,2886,0.0
earthgeckoSkyline,IOPS_175,2887,0.0
earthgeckoSkyline,IOPS_175,2888,0.0
earthgeckoSkyline,IOPS_175,2889,0.0
earthgeckoSkyline,IOPS_175,2890,0.0
earthgeckoSkyline,IOPS_175,2891,0.0
earthgeckoSkyline,IOPS_175,2892,0.0
earthgeckoSkyline,IOPS_175,2893,0.0
earthgeckoSkyline,IOPS_175,2894,0.0
earthgeckoSkyline,IOPS_175,2895,0.0
earthgeckoSkyline,IOPS_175,2896,0.0
earthgeckoSkyline,IOPS_175,2897,0.0
earthgeckoSkyline,IOPS_175,2898,0.0
earthgeckoSkyline,IOPS_175,2899,0.0
earthgeckoSkyline,IOPS_175,2900,0.0
earthgeckoSkyline,IOPS_175,2901,0.0
earthgeckoSkyline,IOPS_175,2902,0.0
earthgeckoSkyline,IOPS_175,2903,0.0
earthgeckoSkyline,IOPS_175,2904,0.0
earthgeckoSkyline,IOPS_175,2905,0.0
earthgeckoSkyline,IOPS_175,2906,0.0
earthgeckoSkyline,IOPS_175,2907,0.0
earthgeckoSkyline,IOPS_175,2908,0.0
earthgeckoSkyline,IOPS_175,2909,0.0
earthgeckoSkyline,IOPS_175,2910,0.0
earthgeckoSkyline,IOPS_175,2911,0.0
earthgeckoSkyline,IOPS_175,2912,0.0
earthgeckoSkyline,IOPS_175,2913,0.0
earthgeckoSkyline,IOPS_175,2914,0.0
earthgeckoSkyline,IOPS_175,2915,0.0
earthgeckoSkyline,IOPS_175,2916,0.0
earthgeckoSkyline,IOPS_175,2917,0.0
earthgeckoSkyline,IOPS_175,2918,0.0
earthgeckoSkyline,IOPS_175,2919,0.0
earthgeckoSkyline,IOPS_175,2920,0.0
earthgeckoSkyline,IOPS_175,2921,0.0
earthgeckoSkyline,IOPS_175,2922,0.0
earthgeckoSkyline,IOPS_175,2923,0.0
earthgeckoSkyline,IOPS_175,2924,0.0
earthgeckoSkyline,IOPS_175,2925,0.0
earthgeckoSkyline,IOPS_175,2926,0.0
earthgeckoSkyline,IOPS_175,2927,0.0
earthgeckoSkyline,IOPS_175,2928,0.0
earthgeckoSkyline,IOPS_175,2929,0.0
earthgeckoSkyline,IOPS_175,2930,0.0
earthgeckoSkyline,IOPS_175,2931,0.0
earthgeckoSkyline,IOPS_175,2932,0.0
earthgeckoSkyline,IOPS_175,2933,0.0
earthgeckoSkyline,IOPS_175,2934,0.0
earthgeckoSkyline,IOPS_175,2935,0.0
earthgeckoSkyline,IOPS_175,2936,0.0
earthgeckoSkyline,IOPS_175,2937,0.0
earthgeckoSkyline,IOPS_175,2938,0.0
earthgeckoSkyline,IOPS_175,2939,0.0
earthgeckoSkyline,IOPS_175,2940,0.0
earthgeckoSkyline,IOPS_175,2941,0.0
earthgeckoSkyline,IOPS_175,2942,0.0
earthgeckoSkyline,IOPS_175,2943,0.0
earthgeckoSkyline,IOPS_175,2944,0.0
earthgeckoSkyline,IOPS_175,2945,0.0
earthgeckoSkyline,IOPS_175,2946,0.0
earthgeckoSkyline,IOPS_175,2947,0.0
earthgeckoSkyline,IOPS_175,2948,0.0
earthgeckoSkyline,IOPS_175,2949,0.0
earthgeckoSkyline,IOPS_175,2950,0.0
earthgeckoSkyline,IOPS_175,2951,0.0
earthgeckoSkyline,IOPS_175,2952,0.0
earthgeckoSkyline,IOPS_175,2953,0.0
earthgeckoSkyline,IOPS_175,2954,0.0
earthgeckoSkyline,IOPS_175,2955,0.0
earthgeckoSkyline,IOPS_175,2956,0.0
earthgeckoSkyline,IOPS_175,2957,0.0
earthgeckoSkyline,IOPS_175,2958,0.0
earthgeckoSkyline,IOPS_175,2959,0.0
earthgeckoSkyline,IOPS_175,2960,0.0
earthgeckoSkyline,IOPS_175,2961,0.0
earthgeckoSkyline,IOPS_175,2962,0.0
earthgeckoSkyline,IOPS_175,2963,0.0
earthgeckoSkyline,IOPS_175,2964,0.0
earthgeckoSkyline,IOPS_175,2965,0.0
earthgeckoSkyline,IOPS_175,2966,0.0
earthgeckoSkyline,IOPS_175,2967,0.0
earthgeckoSkyline,IOPS_175,2968,0.0
earthgeckoSkyline,IOPS_175,2969,0.0
earthgeckoSkyline,IOPS_175,2970,0.0
earthgeckoSkyline,IOPS_175,2971,0.0
earthgeckoSkyline,IOPS_175,2972,0.0
earthgeckoSkyline,IOPS_175,2973,0.0
earthgeckoSkyline,IOPS_175,2974,0.0
earthgeckoSkyline,IOPS_175,2975,0.0
earthgeckoSkyline,IOPS_175,2976,0.0
earthgeckoSkyline,IOPS_175,2977,0.0
earthgeckoSkyline,IOPS_175,2978,0.0
earthgeckoSkyline,IOPS_175,2979,0.0
earthgeckoSkyline,IOPS_175,2980,0.0
earthgeckoSkyline,IOPS_175,2981,0.0
earthgeckoSkyline,IOPS_175,2982,0.0
earthgeckoSkyline,IOPS_175,2983,0.0
earthgeckoSkyline,IOPS_175,2984,0.0
earthgeckoSkyline,IOPS_175,2985,0.0
earthgeckoSkyline,IOPS_175,2986,0.0
earthgeckoSkyline,IOPS_175,2987,0.0
earthgeckoSkyline,IOPS_175,2988,0.0
earthgeckoSkyline,IOPS_175,2989,0.0
earthgeckoSkyline,IOPS_175,2990,0.0
earthgeckoSkyline,IOPS_175,2991,0.0
earthgeckoSkyline,IOPS_175,2992,0.0
earthgeckoSkyline,IOPS_175,2993,0.0
earthgeckoSkyline,IOPS_175,2994,0.0
earthgeckoSkyline,IOPS_175,2995,0.0
earthgeckoSkyline,IOPS_175,2996,0.0
earthgeckoSkyline,IOPS_175,2997,0.0
earthgeckoSkyline,IOPS_175,2998,0.0
earthgeckoSkyline,IOPS_175,2999,0.0
earthgeckoSkyline,IOPS_175,3000,0.0
earthgeckoSkyline,IOPS_175,3001,0.0
earthgeckoSkyline,IOPS_175,3002,0.0
earthgeckoSkyline,IOPS_175,3003,0.0
earthgeckoSkyline,IOPS_175,3004,0.0
earthgeckoSkyline,IOPS_175,3005,0.0
earthgeckoSkyline,IOPS_175,3006,0.0
earthgeckoSkyline,IOPS_175,3007,0.0
earthgeckoSkyline,IOPS_175,3008,0.0
earthgeckoSkyline,IOPS_175,3009,0.0
earthgeckoSkyline,IOPS_175,3010,0.0
earthgeckoSkyline,IOPS_175,3011,0.0
earthgeckoSkyline,IOPS_175,3012,0.0
earthgeckoSkyline,IOPS_175,3013,0.0
earthgeckoSkyline,IOPS_175,3014,0.0
earthgeckoSkyline,IOPS_175,3015,0.0
earthgeckoSkyline,IOPS_175,3016,0.0
earthgeckoSkyline,IOPS_175,3017,0.0
earthgeckoSkyline,IOPS_175,3018,0.0
earthgeckoSkyline,IOPS_175,3019,0.0
earthgeckoSkyline,IOPS_175,3020,0.0
earthgeckoSkyline,IOPS_175,3021,0.0
earthgeckoSkyline,IOPS_175,3022,0.0
earthgeckoSkyline,IOPS_175,3023,0.0
earthgeckoSkyline,IOPS_175,3024,0.0
earthgeckoSkyline,IOPS_175,3025,0.0
earthgeckoSkyline,IOPS_175,3026,0.0
earthgeckoSkyline,IOPS_175,3027,0.0
earthgeckoSkyline,IOPS_175,3028,0.0
earthgeckoSkyline,IOPS_175,3029,0.0
earthgeckoSkyline,IOPS_175,3030,0.0
earthgeckoSkyline,IOPS_175,3031,0.0
earthgeckoSkyline,IOPS_175,3032,0.0
earthgeckoSkyline,IOPS_175,3033,0.0
earthgeckoSkyline,IOPS_175,3034,0.0
earthgeckoSkyline,IOPS_175,3035,0.0
earthgeckoSkyline,IOPS_175,3036,0.0
earthgeckoSkyline,IOPS_175,3037,0.0
earthgeckoSkyline,IOPS_175,3038,0.0
earthgeckoSkyline,IOPS_175,3039,0.0
earthgeckoSkyline,IOPS_175,3040,0.0
earthgeckoSkyline,IOPS_175,3041,0.0
earthgeckoSkyline,IOPS_175,3042,0.0
earthgeckoSkyline,IOPS_175,3043,0.0
earthgeckoSkyline,IOPS_175,3044,0.0
earthgeckoSkyline,IOPS_175,3045,0.0
earthgeckoSkyline,IOPS_175,3046,0.0
earthgeckoSkyline,IOPS_175,3047,0.0
earthgeckoSkyline,IOPS_175,3048,0.0
earthgeckoSkyline,IOPS_175,3049,0.0
earthgeckoSkyline,IOPS_175,3050,0.0
earthgeckoSkyline,IOPS_175,3051,0.0
earthgeckoSkyline,IOPS_175,3052,0.0
earthgeckoSkyline,IOPS_175,3053,0.0
earthgeckoSkyline,IOPS_175,3054,0.0
earthgeckoSkyline,IOPS_175,3055,0.0
earthgeckoSkyline,IOPS_175,3056,0.0
earthgeckoSkyline,IOPS_175,3057,0.0
earthgeckoSkyline,IOPS_175,3058,0.0
earthgeckoSkyline,IOPS_175,3059,0.0
earthgeckoSkyline,IOPS_175,3060,0.0
earthgeckoSkyline,IOPS_175,3061,0.0
earthgeckoSkyline,IOPS_175,3062,0.0
earthgeckoSkyline,IOPS_175,3063,0.0
earthgeckoSkyline,IOPS_175,3064,0.0
earthgeckoSkyline,IOPS_175,3065,0.0
earthgeckoSkyline,IOPS_175,3066,0.0
earthgeckoSkyline,IOPS_175,3067,0.0
earthgeckoSkyline,IOPS_175,3068,0.0
earthgeckoSkyline,IOPS_175,3069,0.0
earthgeckoSkyline,IOPS_175,3070,0.0
earthgeckoSkyline,IOPS_175,3071,0.0
earthgeckoSkyline,IOPS_175,3072,0.0
earthgeckoSkyline,IOPS_175,3073,0.0
earthgeckoSkyline,IOPS_175,3074,0.0
earthgeckoSkyline,IOPS_175,3075,0.0
earthgeckoSkyline,IOPS_175,3076,0.0
earthgeckoSkyline,IOPS_175,3077,0.0
earthgeckoSkyline,IOPS_175,3078,0.0
earthgeckoSkyline,IOPS_175,3079,0.0
earthgeckoSkyline,IOPS_175,3080,0.0
earthgeckoSkyline,IOPS_175,3081,0.0
earthgeckoSkyline,IOPS_175,3082,0.0
earthgeckoSkyline,IOPS_175,3083,0.0
earthgeckoSkyline,IOPS_175,3084,0.0
earthgeckoSkyline,IOPS_175,3085,0.0
earthgeckoSkyline,IOPS_175,3086,0.0
earthgeckoSkyline,IOPS_175,3087,0.0
earthgeckoSkyline,IOPS_175,3088,0.0
earthgeckoSkyline,IOPS_175,3089,0.0
earthgeckoSkyline,IOPS_175,3090,0.0
earthgeckoSkyline,IOPS_175,3091,0.0
earthgeckoSkyline,IOPS_175,3092,0.0
earthgeckoSkyline,IOPS_175,3093,0.0
earthgeckoSkyline,IOPS_175,3094,0.0
earthgeckoSkyline,IOPS_175,3095,0.0
earthgeckoSkyline,IOPS_175,3096,0.0
earthgeckoSkyline,IOPS_175,3097,0.0
earthgeckoSkyline,IOPS_175,3098,0.0
earthgeckoSkyline,IOPS_175,3099,0.0
earthgeckoSkyline,IOPS_175,3100,0.0
earthgeckoSkyline,IOPS_175,3101,0.0
earthgeckoSkyline,IOPS_175,3102,0.0
earthgeckoSkyline,IOPS_175,3103,0.0
earthgeckoSkyline,IOPS_175,3104,0.0
earthgeckoSkyline,IOPS_175,3105,0.0
earthgeckoSkyline,IOPS_175,3106,0.0
earthgeckoSkyline,IOPS_175,3107,0.0
earthgeckoSkyline,IOPS_175,3108,0.0
earthgeckoSkyline,IOPS_175,3109,0.0
earthgeckoSkyline,IOPS_175,3110,0.0
earthgeckoSkyline,IOPS_175,3111,0.0
earthgeckoSkyline,IOPS_175,3112,0.0
earthgeckoSkyline,IOPS_175,3113,0.0
earthgeckoSkyline,IOPS_175,3114,0.0
earthgeckoSkyline,IOPS_175,3115,0.0
earthgeckoSkyline,IOPS_175,3116,0.0
earthgeckoSkyline,IOPS_175,3117,0.0
earthgeckoSkyline,IOPS_175,3118,0.0
earthgeckoSkyline,IOPS_175,3119,0.0
earthgeckoSkyline,IOPS_175,3120,0.0
earthgeckoSkyline,IOPS_175,3121,0.0
earthgeckoSkyline,IOPS_175,3122,0.0
earthgeckoSkyline,IOPS_175,3123,0.0
earthgeckoSkyline,IOPS_175,3124,0.0
earthgeckoSkyline,IOPS_175,3125,0.0
earthgeckoSkyline,IOPS_175,3126,0.0
earthgeckoSkyline,IOPS_175,3127,0.0
earthgeckoSkyline,IOPS_175,3128,0.0
earthgeckoSkyline,IOPS_175,3129,0.0
earthgeckoSkyline,IOPS_175,3130,0.0
earthgeckoSkyline,IOPS_175,3131,0.0
earthgeckoSkyline,IOPS_175,3132,0.0
earthgeckoSkyline,IOPS_175,3133,0.0
earthgeckoSkyline,IOPS_175,3134,0.0
earthgeckoSkyline,IOPS_175,3135,0.0
earthgeckoSkyline,IOPS_175,3136,0.0
earthgeckoSkyline,IOPS_175,3137,0.0
earthgeckoSkyline,IOPS_175,3138,0.0
earthgeckoSkyline,IOPS_175,3139,0.0
earthgeckoSkyline,IOPS_175,3140,0.0
earthgeckoSkyline,IOPS_175,3141,0.0
earthgeckoSkyline,IOPS_175,3142,0.0
earthgeckoSkyline,IOPS_175,3143,0.0
earthgeckoSkyline,IOPS_175,3144,0.0
earthgeckoSkyline,IOPS_175,3145,0.0
earthgeckoSkyline,IOPS_175,3146,0.0
earthgeckoSkyline,IOPS_175,3147,0.0
earthgeckoSkyline,IOPS_175,3148,0.0
earthgeckoSkyline,IOPS_175,3149,0.0
earthgeckoSkyline,IOPS_175,3150,0.0
earthgeckoSkyline,IOPS_175,3151,0.0
earthgeckoSkyline,IOPS_175,3152,0.0
earthgeckoSkyline,IOPS_175,3153,0.0
earthgeckoSkyline,IOPS_175,3154,0.0
earthgeckoSkyline,IOPS_175,3155,0.0
earthgeckoSkyline,IOPS_175,3156,0.0
earthgeckoSkyline,IOPS_175,3157,0.0
earthgeckoSkyline,IOPS_175,3158,0.0
earthgeckoSkyline,IOPS_175,3159,0.0
earthgeckoSkyline,IOPS_175,3160,0.0
earthgeckoSkyline,IOPS_175,3161,0.0
earthgeckoSkyline,IOPS_175,3162,0.0
earthgeckoSkyline,IOPS_175,3163,0.0
earthgeckoSkyline,IOPS_175,3164,0.0
earthgeckoSkyline,IOPS_175,3165,0.0
earthgeckoSkyline,IOPS_175,3166,0.0
earthgeckoSkyline,IOPS_175,3167,0.0
earthgeckoSkyline,IOPS_175,3168,0.0
earthgeckoSkyline,IOPS_175,3169,0.0
earthgeckoSkyline,IOPS_175,3170,0.0
earthgeckoSkyline,IOPS_175,3171,0.0
earthgeckoSkyline,IOPS_175,3172,0.0
earthgeckoSkyline,IOPS_175,3173,0.0
earthgeckoSkyline,IOPS_175,3174,0.0
earthgeckoSkyline,IOPS_175,3175,0.0
earthgeckoSkyline,IOPS_175,3176,0.0
earthgeckoSkyline,IOPS_175,3177,0.0
earthgeckoSkyline,IOPS_175,3178,0.0
earthgeckoSkyline,IOPS_175,3179,0.0
earthgeckoSkyline,IOPS_175,3180,0.0
earthgeckoSkyline,IOPS_175,3181,0.0
earthgeckoSkyline,IOPS_175,3182,0.0
earthgeckoSkyline,IOPS_175,3183,0.0
earthgeckoSkyline,IOPS_175,3184,0.0
earthgeckoSkyline,IOPS_175,3185,0.0
earthgeckoSkyline,IOPS_175,3186,0.0
earthgeckoSkyline,IOPS_175,3187,0.0
earthgeckoSkyline,IOPS_175,3188,0.0
earthgeckoSkyline,IOPS_175,3189,0.0
earthgeckoSkyline,IOPS_175,3190,0.0
earthgeckoSkyline,IOPS_175,3191,0.0
earthgeckoSkyline,IOPS_175,3192,0.0
earthgeckoSkyline,IOPS_175,3193,0.0
earthgeckoSkyline,IOPS_175,3194,0.0
earthgeckoSkyline,IOPS_175,3195,0.0
earthgeckoSkyline,IOPS_175,3196,0.0
earthgeckoSkyline,IOPS_175,3197,0.0
earthgeckoSkyline,IOPS_175,3198,0.0
earthgeckoSkyline,IOPS_175,3199,0.0
earthgeckoSkyline,IOPS_175,3200,0.0
earthgeckoSkyline,IOPS_175,3201,0.0
earthgeckoSkyline,IOPS_175,3202,0.0
earthgeckoSkyline,IOPS_175,3203,0.0
earthgeckoSkyline,IOPS_175,3204,0.0
earthgeckoSkyline,IOPS_175,3205,0.0
earthgeckoSkyline,IOPS_175,3206,0.0
earthgeckoSkyline,IOPS_175,3207,0.0
earthgeckoSkyline,IOPS_175,3208,0.0
earthgeckoSkyline,IOPS_175,3209,0.0
earthgeckoSkyline,IOPS_175,3210,0.0
earthgeckoSkyline,IOPS_175,3211,0.0
earthgeckoSkyline,IOPS_175,3212,0.0
earthgeckoSkyline,IOPS_175,3213,0.0
earthgeckoSkyline,IOPS_175,3214,0.0
earthgeckoSkyline,IOPS_175,3215,0.0
earthgeckoSkyline,IOPS_175,3216,0.0
earthgeckoSkyline,IOPS_175,3217,0.0
earthgeckoSkyline,IOPS_175,3218,0.0
earthgeckoSkyline,IOPS_175,3219,0.0
earthgeckoSkyline,IOPS_175,3220,0.0
earthgeckoSkyline,IOPS_175,3221,0.0
earthgeckoSkyline,IOPS_175,3222,0.0
earthgeckoSkyline,IOPS_175,3223,0.0
earthgeckoSkyline,IOPS_175,3224,0.0
earthgeckoSkyline,IOPS_175,3225,0.0
earthgeckoSkyline,IOPS_175,3226,0.0
earthgeckoSkyline,IOPS_175,3227,0.0
earthgeckoSkyline,IOPS_175,3228,0.0
earthgeckoSkyline,IOPS_175,3229,0.0
earthgeckoSkyline,IOPS_175,3230,0.0
earthgeckoSkyline,IOPS_175,3231,0.0
earthgeckoSkyline,IOPS_175,3232,0.0
earthgeckoSkyline,IOPS_175,3233,0.0
earthgeckoSkyline,IOPS_175,3234,0.0
earthgeckoSkyline,IOPS_175,3235,0.0
earthgeckoSkyline,IOPS_175,3236,0.0
earthgeckoSkyline,IOPS_175,3237,0.0
earthgeckoSkyline,IOPS_175,3238,0.0
earthgeckoSkyline,IOPS_175,3239,0.0
earthgeckoSkyline,IOPS_175,3240,0.0
earthgeckoSkyline,IOPS_175,3241,0.0
earthgeckoSkyline,IOPS_175,3242,0.0
earthgeckoSkyline,IOPS_175,3243,0.0
earthgeckoSkyline,IOPS_175,3244,0.0
earthgeckoSkyline,IOPS_175,3245,0.0
earthgeckoSkyline,IOPS_175,3246,0.0
earthgeckoSkyline,IOPS_175,3247,0.0
earthgeckoSkyline,IOPS_175,3248,0.0
earthgeckoSkyline,IOPS_175,3249,0.0
earthgeckoSkyline,IOPS_175,3250,0.0
earthgeckoSkyline,IOPS_175,3251,0.0
earthgeckoSkyline,IOPS_175,3252,0.0
earthgeckoSkyline,IOPS_175,3253,0.0
earthgeckoSkyline,IOPS_175,3254,0.0
earthgeckoSkyline,IOPS_175,3255,0.0
earthgeckoSkyline,IOPS_175,3256,0.0
earthgeckoSkyline,IOPS_175,3257,0.0
earthgeckoSkyline,IOPS_175,3258,0.0
earthgeckoSkyline,IOPS_175,3259,0.0
earthgeckoSkyline,IOPS_175,3260,0.0
earthgeckoSkyline,IOPS_175,3261,0.0
earthgeckoSkyline,IOPS_175,3262,0.0
earthgeckoSkyline,IOPS_175,3263,0.0
earthgeckoSkyline,IOPS_175,3264,0.0
earthgeckoSkyline,IOPS_175,3265,0.0
earthgeckoSkyline,IOPS_175,3266,0.0
earthgeckoSkyline,IOPS_175,3267,0.0
earthgeckoSkyline,IOPS_175,3268,0.0
earthgeckoSkyline,IOPS_175,3269,0.0
earthgeckoSkyline,IOPS_175,3270,0.0
earthgeckoSkyline,IOPS_175,3271,0.0
earthgeckoSkyline,IOPS_175,3272,0.0
earthgeckoSkyline,IOPS_175,3273,0.0
earthgeckoSkyline,IOPS_175,3274,0.0
earthgeckoSkyline,IOPS_175,3275,0.0
earthgeckoSkyline,IOPS_175,3276,0.0
earthgeckoSkyline,IOPS_175,3277,0.0
earthgeckoSkyline,IOPS_175,3278,0.0
earthgeckoSkyline,IOPS_175,3279,0.0
earthgeckoSkyline,IOPS_175,3280,0.0
earthgeckoSkyline,IOPS_175,3281,0.0
earthgeckoSkyline,IOPS_175,3282,0.0
earthgeckoSkyline,IOPS_175,3283,0.0
earthgeckoSkyline,IOPS_175,3284,0.0
earthgeckoSkyline,IOPS_175,3285,0.0
earthgeckoSkyline,IOPS_175,3286,0.0
earthgeckoSkyline,IOPS_175,3287,0.0
earthgeckoSkyline,IOPS_175,3288,0.0
earthgeckoSkyline,IOPS_175,3289,0.0
earthgeckoSkyline,IOPS_175,3290,0.0
earthgeckoSkyline,IOPS_175,3291,0.0
earthgeckoSkyline,IOPS_175,3292,0.0
earthgeckoSkyline,IOPS_175,3293,0.0
earthgeckoSkyline,IOPS_175,3294,0.0
earthgeckoSkyline,IOPS_175,3295,0.0
earthgeckoSkyline,IOPS_175,3296,0.0
earthgeckoSkyline,IOPS_175,3297,0.0
earthgeckoSkyline,IOPS_175,3298,0.0
earthgeckoSkyline,IOPS_175,3299,0.0
earthgeckoSkyline,IOPS_175,3300,0.0
earthgeckoSkyline,IOPS_175,3301,0.0
earthgeckoSkyline,IOPS_175,3302,0.0
earthgeckoSkyline,IOPS_175,3303,0.0
earthgeckoSkyline,IOPS_175,3304,0.0
earthgeckoSkyline,IOPS_175,3305,0.0
earthgeckoSkyline,IOPS_175,3306,0.0
earthgeckoSkyline,IOPS_175,3307,0.0
earthgeckoSkyline,IOPS_175,3308,0.0
earthgeckoSkyline,IOPS_175,3309,0.0
earthgeckoSkyline,IOPS_175,3310,0.0
earthgeckoSkyline,IOPS_175,3311,0.0
earthgeckoSkyline,IOPS_175,3312,0.0
earthgeckoSkyline,IOPS_175,3313,0.0
earthgeckoSkyline,IOPS_175,3314,0.0
earthgeckoSkyline,IOPS_175,3315,0.0
earthgeckoSkyline,IOPS_175,3316,0.0
earthgeckoSkyline,IOPS_175,3317,0.0
earthgeckoSkyline,IOPS_175,3318,0.0
earthgeckoSkyline,IOPS_175,3319,0.0
earthgeckoSkyline,IOPS_175,3320,0.0
earthgeckoSkyline,IOPS_175,3321,0.0
earthgeckoSkyline,IOPS_175,3322,0.0
earthgeckoSkyline,IOPS_175,3323,0.0
earthgeckoSkyline,IOPS_175,3324,0.0
earthgeckoSkyline,IOPS_175,3325,0.0
earthgeckoSkyline,IOPS_175,3326,0.0
earthgeckoSkyline,IOPS_175,3327,0.0
earthgeckoSkyline,IOPS_175,3328,0.0
earthgeckoSkyline,IOPS_175,3329,0.0
earthgeckoSkyline,IOPS_175,3330,0.0
earthgeckoSkyline,IOPS_175,3331,0.0
earthgeckoSkyline,IOPS_175,3332,0.0
earthgeckoSkyline,IOPS_175,3333,0.0
earthgeckoSkyline,IOPS_175,3334,0.0
earthgeckoSkyline,IOPS_175,3335,0.0
earthgeckoSkyline,IOPS_175,3336,0.0
earthgeckoSkyline,IOPS_175,3337,0.0
earthgeckoSkyline,IOPS_175,3338,0.0
earthgeckoSkyline,IOPS_175,3339,0.0
earthgeckoSkyline,IOPS_175,3340,0.0
earthgeckoSkyline,IOPS_175,3341,0.0
earthgeckoSkyline,IOPS_175,3342,0.0
earthgeckoSkyline,IOPS_175,3343,0.0
earthgeckoSkyline,IOPS_175,3344,0.0
earthgeckoSkyline,IOPS_175,3345,0.0
earthgeckoSkyline,IOPS_175,3346,0.0
earthgeckoSkyline,IOPS_175,3347,0.0
earthgeckoSkyline,IOPS_175,3348,0.0
earthgeckoSkyline,IOPS_175,3349,0.0
earthgeckoSkyline,IOPS_175,3350,0.0
earthgeckoSkyline,IOPS_175,3351,0.0
earthgeckoSkyline,IOPS_175,3352,0.0
earthgeckoSkyline,IOPS_175,3353,0.0
earthgeckoSkyline,IOPS_175,3354,0.0
earthgeckoSkyline,IOPS_175,3355,0.0
earthgeckoSkyline,IOPS_175,3356,0.0
earthgeckoSkyline,IOPS_175,3357,0.0
earthgeckoSkyline,IOPS_175,3358,0.0
earthgeckoSkyline,IOPS_175,3359,0.0
earthgeckoSkyline,IOPS_175,3360,0.0
earthgeckoSkyline,IOPS_175,3361,0.0
earthgeckoSkyline,IOPS_175,3362,0.0
earthgeckoSkyline,IOPS_175,3363,0.0
earthgeckoSkyline,IOPS_175,3364,0.0
earthgeckoSkyline,IOPS_175,3365,0.0
earthgeckoSkyline,IOPS_175,3366,0.0
earthgeckoSkyline,IOPS_175,3367,0.0
earthgeckoSkyline,IOPS_175,3368,0.0
earthgeckoSkyline,IOPS_175,3369,0.0
earthgeckoSkyline,IOPS_175,3370,0.0
earthgeckoSkyline,IOPS_175,3371,0.0
earthgeckoSkyline,IOPS_175,3372,0.0
earthgeckoSkyline,IOPS_175,3373,0.0
earthgeckoSkyline,IOPS_175,3374,0.0
earthgeckoSkyline,IOPS_175,3375,0.0
earthgeckoSkyline,IOPS_175,3376,0.0
earthgeckoSkyline,IOPS_175,3377,0.0
earthgeckoSkyline,IOPS_175,3378,0.0
earthgeckoSkyline,IOPS_175,3379,0.0
earthgeckoSkyline,IOPS_175,3380,0.0
earthgeckoSkyline,IOPS_175,3381,0.0
earthgeckoSkyline,IOPS_175,3382,0.0
earthgeckoSkyline,IOPS_175,3383,0.0
earthgeckoSkyline,IOPS_175,3384,0.0
earthgeckoSkyline,IOPS_175,3385,0.0
earthgeckoSkyline,IOPS_175,3386,0.0
earthgeckoSkyline,IOPS_175,3387,0.0
earthgeckoSkyline,IOPS_175,3388,0.0
earthgeckoSkyline,IOPS_175,3389,0.0
earthgeckoSkyline,IOPS_175,3390,0.0
earthgeckoSkyline,IOPS_175,3391,0.0
earthgeckoSkyline,IOPS_175,3392,0.0
earthgeckoSkyline,IOPS_175,3393,0.0
earthgeckoSkyline,IOPS_175,3394,0.0
earthgeckoSkyline,IOPS_175,3395,0.0
earthgeckoSkyline,IOPS_175,3396,0.0
earthgeckoSkyline,IOPS_175,3397,0.0
earthgeckoSkyline,IOPS_175,3398,0.0
earthgeckoSkyline,IOPS_175,3399,0.0
earthgeckoSkyline,IOPS_175,3400,0.0
earthgeckoSkyline,IOPS_175,3401,0.0
earthgeckoSkyline,IOPS_175,3402,0.0
earthgeckoSkyline,IOPS_175,3403,0.0
earthgeckoSkyline,IOPS_175,3404,0.0
earthgeckoSkyline,IOPS_175,3405,0.0
earthgeckoSkyline,IOPS_175,3406,0.0
earthgeckoSkyline,IOPS_175,3407,0.0
earthgeckoSkyline,IOPS_175,3408,0.0
earthgeckoSkyline,IOPS_175,3409,0.0
earthgeckoSkyline,IOPS_175,3410,0.0
earthgeckoSkyline,IOPS_175,3411,0.0
earthgeckoSkyline,IOPS_175,3412,0.0
earthgeckoSkyline,IOPS_175,3413,0.0
earthgeckoSkyline,IOPS_175,3414,0.0
earthgeckoSkyline,IOPS_175,3415,0.0
earthgeckoSkyline,IOPS_175,3416,0.0
earthgeckoSkyline,IOPS_175,3417,0.0
earthgeckoSkyline,IOPS_175,3418,0.0
earthgeckoSkyline,IOPS_175,3419,0.0
earthgeckoSkyline,IOPS_175,3420,0.0
earthgeckoSkyline,IOPS_175,3421,0.0
earthgeckoSkyline,IOPS_175,3422,0.0
earthgeckoSkyline,IOPS_175,3423,0.0
earthgeckoSkyline,IOPS_175,3424,0.0
earthgeckoSkyline,IOPS_175,3425,0.0
earthgeckoSkyline,IOPS_175,3426,0.0
earthgeckoSkyline,IOPS_175,3427,0.0
earthgeckoSkyline,IOPS_175,3428,0.0
earthgeckoSkyline,IOPS_175,3429,0.0
earthgeckoSkyline,IOPS_175,3430,0.0
earthgeckoSkyline,IOPS_175,3431,0.0
earthgeckoSkyline,IOPS_175,3432,0.0
earthgeckoSkyline,IOPS_175,3433,0.0
earthgeckoSkyline,IOPS_175,3434,0.0
earthgeckoSkyline,IOPS_175,3435,0.0
earthgeckoSkyline,IOPS_175,3436,0.0
earthgeckoSkyline,IOPS_175,3437,0.0
earthgeckoSkyline,IOPS_175,3438,0.0
earthgeckoSkyline,IOPS_175,3439,0.0
earthgeckoSkyline,IOPS_175,3440,0.0
earthgeckoSkyline,IOPS_175,3441,0.0
earthgeckoSkyline,IOPS_175,3442,0.0
earthgeckoSkyline,IOPS_175,3443,0.0
earthgeckoSkyline,IOPS_175,3444,0.0
earthgeckoSkyline,IOPS_175,3445,0.0
earthgeckoSkyline,IOPS_175,3446,0.0
earthgeckoSkyline,IOPS_175,3447,0.0
earthgeckoSkyline,IOPS_175,3448,0.0
earthgeckoSkyline,IOPS_175,3449,0.0
earthgeckoSkyline,IOPS_175,3450,0.0
earthgeckoSkyline,IOPS_175,3451,0.0
earthgeckoSkyline,IOPS_175,3452,0.0
earthgeckoSkyline,IOPS_175,3453,0.0
earthgeckoSkyline,IOPS_175,3454,0.0
earthgeckoSkyline,IOPS_175,3455,0.0
earthgeckoSkyline,IOPS_175,3456,0.0
earthgeckoSkyline,IOPS_175,3457,0.0
earthgeckoSkyline,IOPS_175,3458,0.0
earthgeckoSkyline,IOPS_175,3459,0.0
earthgeckoSkyline,IOPS_175,3460,0.0
earthgeckoSkyline,IOPS_175,3461,0.0
earthgeckoSkyline,IOPS_175,3462,0.0
earthgeckoSkyline,IOPS_175,3463,0.0
earthgeckoSkyline,IOPS_175,3464,0.0
earthgeckoSkyline,IOPS_175,3465,0.0
earthgeckoSkyline,IOPS_175,3466,0.0
earthgeckoSkyline,IOPS_175,3467,0.0
earthgeckoSkyline,IOPS_175,3468,0.0
earthgeckoSkyline,IOPS_175,3469,0.0
earthgeckoSkyline,IOPS_175,3470,0.0
earthgeckoSkyline,IOPS_175,3471,0.0
earthgeckoSkyline,IOPS_175,3472,0.0
earthgeckoSkyline,IOPS_175,3473,0.0
earthgeckoSkyline,IOPS_175,3474,0.0
earthgeckoSkyline,IOPS_175,3475,0.0
earthgeckoSkyline,IOPS_175,3476,0.0
earthgeckoSkyline,IOPS_175,3477,0.0
earthgeckoSkyline,IOPS_175,3478,0.0
earthgeckoSkyline,IOPS_175,3479,0.0
earthgeckoSkyline,IOPS_175,3480,0.0
earthgeckoSkyline,IOPS_175,3481,0.0
earthgeckoSkyline,IOPS_175,3482,0.0
earthgeckoSkyline,IOPS_175,3483,0.0
earthgeckoSkyline,IOPS_175,3484,0.0
earthgeckoSkyline,IOPS_175,3485,0.0
earthgeckoSkyline,IOPS_175,3486,0.0
earthgeckoSkyline,IOPS_175,3487,0.0
earthgeckoSkyline,IOPS_175,3488,0.0
earthgeckoSkyline,IOPS_175,3489,0.0
earthgeckoSkyline,IOPS_175,3490,0.0
earthgeckoSkyline,IOPS_175,3491,0.0
earthgeckoSkyline,IOPS_175,3492,0.0
earthgeckoSkyline,IOPS_175,3493,0.0
earthgeckoSkyline,IOPS_175,3494,0.0
earthgeckoSkyline,IOPS_175,3495,0.0
earthgeckoSkyline,IOPS_175,3496,0.0
earthgeckoSkyline,IOPS_175,3497,0.0
earthgeckoSkyline,IOPS_175,3498,0.0
earthgeckoSkyline,IOPS_175,3499,0.0
earthgeckoSkyline,IOPS_175,3500,0.0
earthgeckoSkyline,IOPS_175,3501,0.0
earthgeckoSkyline,IOPS_175,3502,0.0
earthgeckoSkyline,IOPS_175,3503,0.0
earthgeckoSkyline,IOPS_175,3504,0.0
earthgeckoSkyline,IOPS_175,3505,0.0
earthgeckoSkyline,IOPS_175,3506,0.0
earthgeckoSkyline,IOPS_175,3507,0.0
earthgeckoSkyline,IOPS_175,3508,0.0
earthgeckoSkyline,IOPS_175,3509,0.0
earthgeckoSkyline,IOPS_175,3510,0.0
earthgeckoSkyline,IOPS_175,3511,0.0
earthgeckoSkyline,IOPS_175,3512,0.0
earthgeckoSkyline,IOPS_175,3513,0.0
earthgeckoSkyline,IOPS_175,3514,0.0
earthgeckoSkyline,IOPS_175,3515,0.0
earthgeckoSkyline,IOPS_175,3516,0.0
earthgeckoSkyline,IOPS_175,3517,0.0
earthgeckoSkyline,IOPS_175,3518,0.0
earthgeckoSkyline,IOPS_175,3519,0.0
earthgeckoSkyline,IOPS_175,3520,0.0
earthgeckoSkyline,IOPS_175,3521,0.0
earthgeckoSkyline,IOPS_175,3522,0.0
earthgeckoSkyline,IOPS_175,3523,0.0
earthgeckoSkyline,IOPS_175,3524,0.0
earthgeckoSkyline,IOPS_175,3525,0.0
earthgeckoSkyline,IOPS_175,3526,0.0
earthgeckoSkyline,IOPS_175,3527,0.0
earthgeckoSkyline,IOPS_175,3528,0.0
earthgeckoSkyline,IOPS_175,3529,0.0
earthgeckoSkyline,IOPS_175,3530,0.0
earthgeckoSkyline,IOPS_175,3531,0.0
earthgeckoSkyline,IOPS_175,3532,0.0
earthgeckoSkyline,IOPS_175,3533,0.0
earthgeckoSkyline,IOPS_175,3534,0.0
earthgeckoSkyline,IOPS_175,3535,0.0
earthgeckoSkyline,IOPS_175,3536,0.0
earthgeckoSkyline,IOPS_175,3537,0.0
earthgeckoSkyline,IOPS_175,3538,0.0
earthgeckoSkyline,IOPS_175,3539,0.0
earthgeckoSkyline,IOPS_175,3540,0.0
earthgeckoSkyline,IOPS_175,3541,0.0
earthgeckoSkyline,IOPS_175,3542,0.0
earthgeckoSkyline,IOPS_175,3543,0.0
earthgeckoSkyline,IOPS_175,3544,0.0
earthgeckoSkyline,IOPS_175,3545,0.0
earthgeckoSkyline,IOPS_175,3546,0.0
earthgeckoSkyline,IOPS_175,3547,0.0
earthgeckoSkyline,IOPS_175,3548,0.0
earthgeckoSkyline,IOPS_175,3549,0.0
earthgeckoSkyline,IOPS_175,3550,0.0
earthgeckoSkyline,IOPS_175,3551,0.0
earthgeckoSkyline,IOPS_175,3552,0.0
earthgeckoSkyline,IOPS_175,3553,0.0
earthgeckoSkyline,IOPS_175,3554,0.0
earthgeckoSkyline,IOPS_175,3555,0.0
earthgeckoSkyline,IOPS_175,3556,0.0
earthgeckoSkyline,IOPS_175,3557,0.0
earthgeckoSkyline,IOPS_175,3558,0.0
earthgeckoSkyline,IOPS_175,3559,0.0
earthgeckoSkyline,IOPS_175,3560,0.0
earthgeckoSkyline,IOPS_175,3561,0.0
earthgeckoSkyline,IOPS_175,3562,0.0
earthgeckoSkyline,IOPS_175,3563,0.0
earthgeckoSkyline,IOPS_175,3564,0.0
earthgeckoSkyline,IOPS_175,3565,0.0
earthgeckoSkyline,IOPS_175,3566,0.0
earthgeckoSkyline,IOPS_175,3567,0.0
earthgeckoSkyline,IOPS_175,3568,0.0
earthgeckoSkyline,IOPS_175,3569,0.0
earthgeckoSkyline,IOPS_175,3570,0.0
earthgeckoSkyline,IOPS_175,3571,0.0
earthgeckoSkyline,IOPS_175,3572,0.0
earthgeckoSkyline,IOPS_175,3573,0.0
earthgeckoSkyline,IOPS_175,3574,0.0
earthgeckoSkyline,IOPS_175,3575,0.0
earthgeckoSkyline,IOPS_175,3576,0.0
earthgeckoSkyline,IOPS_175,3577,0.0
earthgeckoSkyline,IOPS_175,3578,0.0
earthgeckoSkyline,IOPS_175,3579,0.0
earthgeckoSkyline,IOPS_175,3580,0.0
earthgeckoSkyline,IOPS_175,3581,0.0
earthgeckoSkyline,IOPS_175,3582,0.0
earthgeckoSkyline,IOPS_175,3583,0.0
earthgeckoSkyline,IOPS_175,3584,0.0
earthgeckoSkyline,IOPS_175,3585,0.0
earthgeckoSkyline,IOPS_175,3586,0.0
earthgeckoSkyline,IOPS_175,3587,0.0
earthgeckoSkyline,IOPS_175,3588,0.0
earthgeckoSkyline,IOPS_175,3589,0.0
earthgeckoSkyline,IOPS_175,3590,0.0
earthgeckoSkyline,IOPS_175,3591,0.0
earthgeckoSkyline,IOPS_175,3592,0.0
earthgeckoSkyline,IOPS_175,3593,0.0
earthgeckoSkyline,IOPS_175,3594,0.0
earthgeckoSkyline,IOPS_175,3595,0.0
earthgeckoSkyline,IOPS_175,3596,0.0
earthgeckoSkyline,IOPS_175,3597,0.0
earthgeckoSkyline,IOPS_175,3598,0.0
earthgeckoSkyline,IOPS_175,3599,0.0
earthgeckoSkyline,IOPS_175,3600,0.0
earthgeckoSkyline,IOPS_175,3601,0.0
earthgeckoSkyline,IOPS_175,3602,0.0
earthgeckoSkyline,IOPS_175,3603,0.0
earthgeckoSkyline,IOPS_175,3604,0.0
earthgeckoSkyline,IOPS_175,3605,0.0
earthgeckoSkyline,IOPS_175,3606,0.0
earthgeckoSkyline,IOPS_175,3607,0.0
earthgeckoSkyline,IOPS_175,3608,0.0
earthgeckoSkyline,IOPS_175,3609,0.0
earthgeckoSkyline,IOPS_175,3610,0.0
earthgeckoSkyline,IOPS_175,3611,0.0
earthgeckoSkyline,IOPS_175,3612,0.0
earthgeckoSkyline,IOPS_175,3613,0.0
earthgeckoSkyline,IOPS_175,3614,0.0
earthgeckoSkyline,IOPS_175,3615,0.0
earthgeckoSkyline,IOPS_175,3616,0.0
earthgeckoSkyline,IOPS_175,3617,0.0
earthgeckoSkyline,IOPS_175,3618,0.0
earthgeckoSkyline,IOPS_175,3619,0.0
earthgeckoSkyline,IOPS_175,3620,0.0
earthgeckoSkyline,IOPS_175,3621,0.0
earthgeckoSkyline,IOPS_175,3622,0.0
earthgeckoSkyline,IOPS_175,3623,0.0
earthgeckoSkyline,IOPS_175,3624,0.0
earthgeckoSkyline,IOPS_175,3625,0.0
earthgeckoSkyline,IOPS_175,3626,0.0
earthgeckoSkyline,IOPS_175,3627,0.0
earthgeckoSkyline,IOPS_175,3628,0.0
earthgeckoSkyline,IOPS_175,3629,0.0
earthgeckoSkyline,IOPS_175,3630,0.0
earthgeckoSkyline,IOPS_175,3631,0.0
earthgeckoSkyline,IOPS_175,3632,0.0
earthgeckoSkyline,IOPS_175,3633,0.0
earthgeckoSkyline,IOPS_175,3634,0.0
earthgeckoSkyline,IOPS_175,3635,0.0
earthgeckoSkyline,IOPS_175,3636,0.0
earthgeckoSkyline,IOPS_175,3637,0.0
earthgeckoSkyline,IOPS_175,3638,0.0
earthgeckoSkyline,IOPS_175,3639,0.0
earthgeckoSkyline,IOPS_175,3640,0.0
earthgeckoSkyline,IOPS_175,3641,0.0
earthgeckoSkyline,IOPS_175,3642,0.0
earthgeckoSkyline,IOPS_175,3643,0.0
earthgeckoSkyline,IOPS_175,3644,0.0
earthgeckoSkyline,IOPS_175,3645,0.0
earthgeckoSkyline,IOPS_175,3646,0.0
earthgeckoSkyline,IOPS_175,3647,0.0
earthgeckoSkyline,IOPS_175,3648,0.0
earthgeckoSkyline,IOPS_175,3649,0.0
earthgeckoSkyline,IOPS_175,3650,0.0
earthgeckoSkyline,IOPS_175,3651,0.0
earthgeckoSkyline,IOPS_175,3652,0.0
earthgeckoSkyline,IOPS_175,3653,0.0
earthgeckoSkyline,IOPS_175,3654,0.0
earthgeckoSkyline,IOPS_175,3655,0.0
earthgeckoSkyline,IOPS_175,3656,0.0
earthgeckoSkyline,IOPS_175,3657,0.0
earthgeckoSkyline,IOPS_175,3658,0.0
earthgeckoSkyline,IOPS_175,3659,0.0
earthgeckoSkyline,IOPS_175,3660,0.0
earthgeckoSkyline,IOPS_175,3661,0.0
earthgeckoSkyline,IOPS_175,3662,0.0
earthgeckoSkyline,IOPS_175,3663,0.0
earthgeckoSkyline,IOPS_175,3664,0.0
earthgeckoSkyline,IOPS_175,3665,0.0
earthgeckoSkyline,IOPS_175,3666,0.0
earthgeckoSkyline,IOPS_175,3667,0.0
earthgeckoSkyline,IOPS_175,3668,0.0
earthgeckoSkyline,IOPS_175,3669,0.0
earthgeckoSkyline,IOPS_175,3670,0.0
earthgeckoSkyline,IOPS_175,3671,0.0
earthgeckoSkyline,IOPS_175,3672,0.0
earthgeckoSkyline,IOPS_175,3673,0.0
earthgeckoSkyline,IOPS_175,3674,0.0
earthgeckoSkyline,IOPS_175,3675,0.0
earthgeckoSkyline,IOPS_175,3676,0.0
earthgeckoSkyline,IOPS_175,3677,0.0
earthgeckoSkyline,IOPS_175,3678,0.0
earthgeckoSkyline,IOPS_175,3679,0.0
earthgeckoSkyline,IOPS_175,3680,0.0
earthgeckoSkyline,IOPS_175,3681,0.0
earthgeckoSkyline,IOPS_175,3682,0.0
earthgeckoSkyline,IOPS_175,3683,0.0
earthgeckoSkyline,IOPS_175,3684,0.0
earthgeckoSkyline,IOPS_175,3685,0.0
earthgeckoSkyline,IOPS_175,3686,0.0
earthgeckoSkyline,IOPS_175,3687,0.0
earthgeckoSkyline,IOPS_175,3688,0.0
earthgeckoSkyline,IOPS_175,3689,0.0
earthgeckoSkyline,IOPS_175,3690,0.0
earthgeckoSkyline,IOPS_175,3691,0.0
earthgeckoSkyline,IOPS_175,3692,0.0
earthgeckoSkyline,IOPS_175,3693,0.0
earthgeckoSkyline,IOPS_175,3694,0.0
earthgeckoSkyline,IOPS_175,3695,0.0
earthgeckoSkyline,IOPS_175,3696,0.0
earthgeckoSkyline,IOPS_175,3697,0.0
earthgeckoSkyline,IOPS_175,3698,0.0
earthgeckoSkyline,IOPS_175,3699,0.0
earthgeckoSkyline,IOPS_175,3700,0.0
earthgeckoSkyline,IOPS_175,3701,0.0
earthgeckoSkyline,IOPS_175,3702,0.0
earthgeckoSkyline,IOPS_175,3703,0.0
earthgeckoSkyline,IOPS_175,3704,0.0
earthgeckoSkyline,IOPS_175,3705,0.0
earthgeckoSkyline,IOPS_175,3706,0.0
earthgeckoSkyline,IOPS_175,3707,0.0
earthgeckoSkyline,IOPS_175,3708,0.0
earthgeckoSkyline,IOPS_175,3709,0.0
earthgeckoSkyline,IOPS_175,3710,0.0
earthgeckoSkyline,IOPS_175,3711,0.0
earthgeckoSkyline,IOPS_175,3712,0.0
earthgeckoSkyline,IOPS_175,3713,0.0
earthgeckoSkyline,IOPS_175,3714,0.0
earthgeckoSkyline,IOPS_175,3715,0.0
earthgeckoSkyline,IOPS_175,3716,0.0
earthgeckoSkyline,IOPS_175,3717,0.0
earthgeckoSkyline,IOPS_175,3718,0.0
earthgeckoSkyline,IOPS_175,3719,0.0
earthgeckoSkyline,IOPS_175,3720,0.0
earthgeckoSkyline,IOPS_175,3721,0.0
earthgeckoSkyline,IOPS_175,3722,0.0
earthgeckoSkyline,IOPS_175,3723,0.0
earthgeckoSkyline,IOPS_175,3724,0.0
earthgeckoSkyline,IOPS_175,3725,0.0
earthgeckoSkyline,IOPS_175,3726,0.0
earthgeckoSkyline,IOPS_175,3727,0.0
earthgeckoSkyline,IOPS_175,3728,0.0
earthgeckoSkyline,IOPS_175,3729,0.0
earthgeckoSkyline,IOPS_175,3730,0.0
earthgeckoSkyline,IOPS_175,3731,0.0
earthgeckoSkyline,IOPS_175,3732,0.0
earthgeckoSkyline,IOPS_175,3733,0.0
earthgeckoSkyline,IOPS_175,3734,0.0
earthgeckoSkyline,IOPS_175,3735,0.0
earthgeckoSkyline,IOPS_175,3736,0.0
earthgeckoSkyline,IOPS_175,3737,0.0
earthgeckoSkyline,IOPS_175,3738,0.0
earthgeckoSkyline,IOPS_175,3739,0.0
earthgeckoSkyline,IOPS_175,3740,0.0
earthgeckoSkyline,IOPS_175,3741,0.0
earthgeckoSkyline,IOPS_175,3742,0.0
earthgeckoSkyline,IOPS_175,3743,0.0
earthgeckoSkyline,IOPS_175,3744,0.0
earthgeckoSkyline,IOPS_175,3745,0.0
earthgeckoSkyline,IOPS_175,3746,0.0
earthgeckoSkyline,IOPS_175,3747,0.0
earthgeckoSkyline,IOPS_175,3748,0.0
earthgeckoSkyline,IOPS_175,3749,0.0
earthgeckoSkyline,IOPS_175,3750,0.0
earthgeckoSkyline,IOPS_175,3751,0.0
earthgeckoSkyline,IOPS_175,3752,0.0
earthgeckoSkyline,IOPS_175,3753,0.0
earthgeckoSkyline,IOPS_175,3754,0.0
earthgeckoSkyline,IOPS_175,3755,0.0
earthgeckoSkyline,IOPS_175,3756,0.0
earthgeckoSkyline,IOPS_175,3757,0.0
earthgeckoSkyline,IOPS_175,3758,0.0
earthgeckoSkyline,IOPS_175,3759,0.0
earthgeckoSkyline,IOPS_175,3760,0.0
earthgeckoSkyline,IOPS_175,3761,0.0
earthgeckoSkyline,IOPS_175,3762,0.0
earthgeckoSkyline,IOPS_175,3763,0.0
earthgeckoSkyline,IOPS_175,3764,0.0
earthgeckoSkyline,IOPS_175,3765,0.0
earthgeckoSkyline,IOPS_175,3766,0.0
earthgeckoSkyline,IOPS_175,3767,0.0
earthgeckoSkyline,IOPS_175,3768,0.0
earthgeckoSkyline,IOPS_175,3769,0.0
earthgeckoSkyline,IOPS_175,3770,0.0
earthgeckoSkyline,IOPS_175,3771,0.0
earthgeckoSkyline,IOPS_175,3772,0.0
earthgeckoSkyline,IOPS_175,3773,0.0
earthgeckoSkyline,IOPS_175,3774,0.0
earthgeckoSkyline,IOPS_175,3775,0.0
earthgeckoSkyline,IOPS_175,3776,0.0
earthgeckoSkyline,IOPS_175,3777,0.0
earthgeckoSkyline,IOPS_175,3778,0.0
earthgeckoSkyline,IOPS_175,3779,0.0
earthgeckoSkyline,IOPS_175,3780,0.0
earthgeckoSkyline,IOPS_175,3781,0.0
earthgeckoSkyline,IOPS_175,3782,0.0
earthgeckoSkyline,IOPS_175,3783,0.0
earthgeckoSkyline,IOPS_175,3784,0.0
earthgeckoSkyline,IOPS_175,3785,0.0
earthgeckoSkyline,IOPS_175,3786,0.0
earthgeckoSkyline,IOPS_175,3787,0.0
earthgeckoSkyline,IOPS_175,3788,0.0
earthgeckoSkyline,IOPS_175,3789,0.0
earthgeckoSkyline,IOPS_175,3790,0.0
earthgeckoSkyline,IOPS_175,3791,0.0
earthgeckoSkyline,IOPS_175,3792,0.0
earthgeckoSkyline,IOPS_175,3793,0.0
earthgeckoSkyline,IOPS_175,3794,0.0
earthgeckoSkyline,IOPS_175,3795,0.0
earthgeckoSkyline,IOPS_175,3796,0.0
earthgeckoSkyline,IOPS_175,3797,0.0
earthgeckoSkyline,IOPS_175,3798,0.0
earthgeckoSkyline,IOPS_175,3799,0.0
earthgeckoSkyline,IOPS_175,3800,0.0
earthgeckoSkyline,IOPS_175,3801,0.0
earthgeckoSkyline,IOPS_175,3802,0.0
earthgeckoSkyline,IOPS_175,3803,0.0
earthgeckoSkyline,IOPS_175,3804,0.0
earthgeckoSkyline,IOPS_175,3805,0.0
earthgeckoSkyline,IOPS_175,3806,0.0
earthgeckoSkyline,IOPS_175,3807,0.0
earthgeckoSkyline,IOPS_175,3808,0.0
earthgeckoSkyline,IOPS_175,3809,0.0
earthgeckoSkyline,IOPS_175,3810,0.0
earthgeckoSkyline,IOPS_175,3811,0.0
earthgeckoSkyline,IOPS_175,3812,0.0
earthgeckoSkyline,IOPS_175,3813,0.0
earthgeckoSkyline,IOPS_175,3814,0.0
earthgeckoSkyline,IOPS_175,3815,0.0
earthgeckoSkyline,IOPS_175,3816,0.0
earthgeckoSkyline,IOPS_175,3817,0.0
earthgeckoSkyline,IOPS_175,3818,0.0
earthgeckoSkyline,IOPS_175,3819,0.0
earthgeckoSkyline,IOPS_175,3820,0.0
earthgeckoSkyline,IOPS_175,3821,0.0
earthgeckoSkyline,IOPS_175,3822,0.0
earthgeckoSkyline,IOPS_175,3823,0.0
earthgeckoSkyline,IOPS_175,3824,0.0
earthgeckoSkyline,IOPS_175,3825,0.0
earthgeckoSkyline,IOPS_175,3826,0.0
earthgeckoSkyline,IOPS_175,3827,0.0
earthgeckoSkyline,IOPS_175,3828,0.0
earthgeckoSkyline,IOPS_175,3829,0.0
earthgeckoSkyline,IOPS_175,3830,0.0
earthgeckoSkyline,IOPS_175,3831,0.0
earthgeckoSkyline,IOPS_175,3832,0.0
earthgeckoSkyline,IOPS_175,3833,0.0
earthgeckoSkyline,IOPS_175,3834,0.0
earthgeckoSkyline,IOPS_175,3835,0.0
earthgeckoSkyline,IOPS_175,3836,0.0
earthgeckoSkyline,IOPS_175,3837,0.0
earthgeckoSkyline,IOPS_175,3838,0.0
earthgeckoSkyline,IOPS_175,3839,0.0
earthgeckoSkyline,IOPS_175,3840,0.0
earthgeckoSkyline,IOPS_175,3841,0.0
earthgeckoSkyline,IOPS_175,3842,0.0
earthgeckoSkyline,IOPS_175,3843,0.0
earthgeckoSkyline,IOPS_175,3844,0.0
earthgeckoSkyline,IOPS_175,3845,0.0
earthgeckoSkyline,IOPS_175,3846,0.0
earthgeckoSkyline,IOPS_175,3847,0.0
earthgeckoSkyline,IOPS_175,3848,0.0
earthgeckoSkyline,IOPS_175,3849,0.0
earthgeckoSkyline,IOPS_175,3850,0.0
earthgeckoSkyline,IOPS_175,3851,0.0
earthgeckoSkyline,IOPS_175,3852,0.0
earthgeckoSkyline,IOPS_175,3853,0.0
earthgeckoSkyline,IOPS_175,3854,0.0
earthgeckoSkyline,IOPS_175,3855,0.0
earthgeckoSkyline,IOPS_175,3856,0.0
earthgeckoSkyline,IOPS_175,3857,0.0
earthgeckoSkyline,IOPS_175,3858,0.0
earthgeckoSkyline,IOPS_175,3859,0.0
earthgeckoSkyline,IOPS_175,3860,0.0
earthgeckoSkyline,IOPS_175,3861,0.0
earthgeckoSkyline,IOPS_175,3862,0.0
earthgeckoSkyline,IOPS_175,3863,0.0
earthgeckoSkyline,IOPS_175,3864,0.0
earthgeckoSkyline,IOPS_175,3865,0.0
earthgeckoSkyline,IOPS_175,3866,0.0
earthgeckoSkyline,IOPS_175,3867,0.0
earthgeckoSkyline,IOPS_175,3868,0.0
earthgeckoSkyline,IOPS_175,3869,0.0
earthgeckoSkyline,IOPS_175,3870,0.0
earthgeckoSkyline,IOPS_175,3871,0.0
earthgeckoSkyline,IOPS_175,3872,0.0
earthgeckoSkyline,IOPS_175,3873,0.0
earthgeckoSkyline,IOPS_175,3874,0.0
earthgeckoSkyline,IOPS_175,3875,0.0
earthgeckoSkyline,IOPS_175,3876,0.0
earthgeckoSkyline,IOPS_175,3877,0.0
earthgeckoSkyline,IOPS_175,3878,0.0
earthgeckoSkyline,IOPS_175,3879,0.0
earthgeckoSkyline,IOPS_175,3880,0.0
earthgeckoSkyline,IOPS_175,3881,0.0
earthgeckoSkyline,IOPS_175,3882,0.0
earthgeckoSkyline,IOPS_175,3883,0.0
earthgeckoSkyline,IOPS_175,3884,0.0
earthgeckoSkyline,IOPS_175,3885,0.0
earthgeckoSkyline,IOPS_175,3886,0.0
earthgeckoSkyline,IOPS_175,3887,0.0
earthgeckoSkyline,IOPS_175,3888,0.0
earthgeckoSkyline,IOPS_175,3889,0.0
earthgeckoSkyline,IOPS_175,3890,0.0
earthgeckoSkyline,IOPS_175,3891,0.0
earthgeckoSkyline,IOPS_175,3892,0.0
earthgeckoSkyline,IOPS_175,3893,0.0
earthgeckoSkyline,IOPS_175,3894,0.0
earthgeckoSkyline,IOPS_175,3895,0.0
earthgeckoSkyline,IOPS_175,3896,0.0
earthgeckoSkyline,IOPS_175,3897,0.0
earthgeckoSkyline,IOPS_175,3898,0.0
earthgeckoSkyline,IOPS_175,3899,0.0
earthgeckoSkyline,IOPS_175,3900,0.0
earthgeckoSkyline,IOPS_175,3901,0.0
earthgeckoSkyline,IOPS_175,3902,0.0
earthgeckoSkyline,IOPS_175,3903,0.0
earthgeckoSkyline,IOPS_175,3904,0.0
earthgeckoSkyline,IOPS_175,3905,0.0
earthgeckoSkyline,IOPS_175,3906,0.0
earthgeckoSkyline,IOPS_175,3907,0.0
earthgeckoSkyline,IOPS_175,3908,0.0
earthgeckoSkyline,IOPS_175,3909,0.0
earthgeckoSkyline,IOPS_175,3910,0.0
earthgeckoSkyline,IOPS_175,3911,0.0
earthgeckoSkyline,IOPS_175,3912,0.0
earthgeckoSkyline,IOPS_175,3913,0.0
earthgeckoSkyline,IOPS_175,3914,0.0
earthgeckoSkyline,IOPS_175,3915,0.0
earthgeckoSkyline,IOPS_175,3916,0.0
earthgeckoSkyline,IOPS_175,3917,0.0
earthgeckoSkyline,IOPS_175,3918,0.0
earthgeckoSkyline,IOPS_175,3919,0.0
earthgeckoSkyline,IOPS_175,3920,0.0
earthgeckoSkyline,IOPS_175,3921,0.0
earthgeckoSkyline,IOPS_175,3922,0.0
earthgeckoSkyline,IOPS_175,3923,0.0
earthgeckoSkyline,IOPS_175,3924,0.0
earthgeckoSkyline,IOPS_175,3925,0.0
earthgeckoSkyline,IOPS_175,3926,0.0
earthgeckoSkyline,IOPS_175,3927,0.0
earthgeckoSkyline,IOPS_175,3928,0.0
earthgeckoSkyline,IOPS_175,3929,0.0
earthgeckoSkyline,IOPS_175,3930,0.0
earthgeckoSkyline,IOPS_175,3931,0.0
earthgeckoSkyline,IOPS_175,3932,0.0
earthgeckoSkyline,IOPS_175,3933,0.0
earthgeckoSkyline,IOPS_175,3934,0.0
earthgeckoSkyline,IOPS_175,3935,0.0
earthgeckoSkyline,IOPS_175,3936,0.0
earthgeckoSkyline,IOPS_175,3937,0.0
earthgeckoSkyline,IOPS_175,3938,0.0
earthgeckoSkyline,IOPS_175,3939,0.0
earthgeckoSkyline,IOPS_175,3940,0.0
earthgeckoSkyline,IOPS_175,3941,0.0
earthgeckoSkyline,IOPS_175,3942,0.0
earthgeckoSkyline,IOPS_175,3943,0.0
earthgeckoSkyline,IOPS_175,3944,0.0
earthgeckoSkyline,IOPS_175,3945,0.0
earthgeckoSkyline,IOPS_175,3946,0.0
earthgeckoSkyline,IOPS_175,3947,0.0
earthgeckoSkyline,IOPS_175,3948,0.0
earthgeckoSkyline,IOPS_175,3949,0.0
earthgeckoSkyline,IOPS_175,3950,0.0
earthgeckoSkyline,IOPS_175,3951,0.0
earthgeckoSkyline,IOPS_175,3952,0.0
earthgeckoSkyline,IOPS_175,3953,0.0
earthgeckoSkyline,IOPS_175,3954,0.0
earthgeckoSkyline,IOPS_175,3955,0.0
earthgeckoSkyline,IOPS_175,3956,0.0
earthgeckoSkyline,IOPS_175,3957,0.0
earthgeckoSkyline,IOPS_175,3958,0.0
earthgeckoSkyline,IOPS_175,3959,0.0
earthgeckoSkyline,IOPS_175,3960,0.0
earthgeckoSkyline,IOPS_175,3961,0.0
earthgeckoSkyline,IOPS_175,3962,0.0
earthgeckoSkyline,IOPS_175,3963,0.0
earthgeckoSkyline,IOPS_175,3964,0.0
earthgeckoSkyline,IOPS_175,3965,0.0
earthgeckoSkyline,IOPS_175,3966,0.0
earthgeckoSkyline,IOPS_175,3967,0.0
earthgeckoSkyline,IOPS_175,3968,0.0
earthgeckoSkyline,IOPS_175,3969,0.0
earthgeckoSkyline,IOPS_175,3970,0.0
earthgeckoSkyline,IOPS_175,3971,0.0
earthgeckoSkyline,IOPS_175,3972,0.0
earthgeckoSkyline,IOPS_175,3973,0.0
earthgeckoSkyline,IOPS_175,3974,0.0
earthgeckoSkyline,IOPS_175,3975,0.0
earthgeckoSkyline,IOPS_175,3976,0.0
earthgeckoSkyline,IOPS_175,3977,0.0
earthgeckoSkyline,IOPS_175,3978,0.0
earthgeckoSkyline,IOPS_175,3979,0.0
earthgeckoSkyline,IOPS_175,3980,0.0
earthgeckoSkyline,IOPS_175,3981,0.0
earthgeckoSkyline,IOPS_175,3982,0.0
earthgeckoSkyline,IOPS_175,3983,0.0
earthgeckoSkyline,IOPS_175,3984,0.0
earthgeckoSkyline,IOPS_175,3985,0.0
earthgeckoSkyline,IOPS_175,3986,0.0
earthgeckoSkyline,IOPS_175,3987,0.0
earthgeckoSkyline,IOPS_175,3988,0.0
earthgeckoSkyline,IOPS_175,3989,0.0
earthgeckoSkyline,IOPS_175,3990,0.0
earthgeckoSkyline,IOPS_175,3991,0.0
earthgeckoSkyline,IOPS_175,3992,0.0
earthgeckoSkyline,IOPS_175,3993,0.0
earthgeckoSkyline,IOPS_175,3994,0.0
earthgeckoSkyline,IOPS_175,3995,0.0
earthgeckoSkyline,IOPS_175,3996,0.0
earthgeckoSkyline,IOPS_175,3997,0.0
earthgeckoSkyline,IOPS_175,3998,0.0
earthgeckoSkyline,IOPS_175,3999,0.0
earthgeckoSkyline,IOPS_175,4000,0.0
earthgeckoSkyline,IOPS_175,4001,0.0
earthgeckoSkyline,IOPS_175,4002,0.0
earthgeckoSkyline,IOPS_175,4003,0.0
earthgeckoSkyline,IOPS_175,4004,0.0
earthgeckoSkyline,IOPS_175,4005,0.0
earthgeckoSkyline,IOPS_175,4006,0.0
earthgeckoSkyline,IOPS_175,4007,0.0
earthgeckoSkyline,IOPS_175,4008,0.0
earthgeckoSkyline,IOPS_175,4009,0.0
earthgeckoSkyline,IOPS_175,4010,0.0
earthgeckoSkyline,IOPS_175,4011,0.0
earthgeckoSkyline,IOPS_175,4012,0.0
earthgeckoSkyline,IOPS_175,4013,0.0
earthgeckoSkyline,IOPS_175,4014,0.0
earthgeckoSkyline,IOPS_175,4015,0.0
earthgeckoSkyline,IOPS_175,4016,0.0
earthgeckoSkyline,IOPS_175,4017,0.0
earthgeckoSkyline,IOPS_175,4018,0.0
earthgeckoSkyline,IOPS_175,4019,0.0
earthgeckoSkyline,IOPS_175,4020,0.0
earthgeckoSkyline,IOPS_175,4021,0.0
earthgeckoSkyline,IOPS_175,4022,0.0
earthgeckoSkyline,IOPS_175,4023,0.0
earthgeckoSkyline,IOPS_175,4024,0.0
earthgeckoSkyline,IOPS_175,4025,0.0
earthgeckoSkyline,IOPS_175,4026,0.0
earthgeckoSkyline,IOPS_175,4027,0.0
earthgeckoSkyline,IOPS_175,4028,0.0
earthgeckoSkyline,IOPS_175,4029,0.0
earthgeckoSkyline,IOPS_175,4030,0.0
earthgeckoSkyline,IOPS_175,4031,0.0
earthgeckoSkyline,IOPS_175,4032,0.0
earthgeckoSkyline,IOPS_175,4033,0.0
earthgeckoSkyline,IOPS_175,4034,0.0
earthgeckoSkyline,IOPS_175,4035,0.0
earthgeckoSkyline,IOPS_175,4036,0.0
earthgeckoSkyline,IOPS_175,4037,0.0
earthgeckoSkyline,IOPS_175,4038,0.0
earthgeckoSkyline,IOPS_175,4039,0.0
earthgeckoSkyline,IOPS_175,4040,0.0
earthgeckoSkyline,IOPS_175,4041,0.0
earthgeckoSkyline,IOPS_175,4042,0.0
earthgeckoSkyline,IOPS_175,4043,0.0
earthgeckoSkyline,IOPS_175,4044,0.0
earthgeckoSkyline,IOPS_175,4045,0.0
earthgeckoSkyline,IOPS_175,4046,0.0
earthgeckoSkyline,IOPS_175,4047,0.0
earthgeckoSkyline,IOPS_175,4048,0.0
earthgeckoSkyline,IOPS_175,4049,0.0
earthgeckoSkyline,IOPS_175,4050,0.0
earthgeckoSkyline,IOPS_175,4051,0.0
earthgeckoSkyline,IOPS_175,4052,0.0
earthgeckoSkyline,IOPS_175,4053,0.0
earthgeckoSkyline,IOPS_175,4054,0.0
earthgeckoSkyline,IOPS_175,4055,0.0
earthgeckoSkyline,IOPS_175,4056,0.0
earthgeckoSkyline,IOPS_175,4057,0.0
earthgeckoSkyline,IOPS_175,4058,0.0
earthgeckoSkyline,IOPS_175,4059,0.0
earthgeckoSkyline,IOPS_175,4060,0.0
earthgeckoSkyline,IOPS_175,4061,0.0
earthgeckoSkyline,IOPS_175,4062,0.0
earthgeckoSkyline,IOPS_175,4063,0.0
earthgeckoSkyline,IOPS_175,4064,0.0
earthgeckoSkyline,IOPS_175,4065,0.0
earthgeckoSkyline,IOPS_175,4066,0.0
earthgeckoSkyline,IOPS_175,4067,0.0
earthgeckoSkyline,IOPS_175,4068,0.0
earthgeckoSkyline,IOPS_175,4069,0.0
earthgeckoSkyline,IOPS_175,4070,0.0
earthgeckoSkyline,IOPS_175,4071,0.0
earthgeckoSkyline,IOPS_175,4072,0.0
earthgeckoSkyline,IOPS_175,4073,0.0
earthgeckoSkyline,IOPS_175,4074,0.0
earthgeckoSkyline,IOPS_175,4075,0.0
earthgeckoSkyline,IOPS_175,4076,0.0
earthgeckoSkyline,IOPS_175,4077,0.0
earthgeckoSkyline,IOPS_175,4078,0.0
earthgeckoSkyline,IOPS_175,4079,0.0
earthgeckoSkyline,IOPS_175,4080,0.0
earthgeckoSkyline,IOPS_175,4081,0.0
earthgeckoSkyline,IOPS_175,4082,0.0
earthgeckoSkyline,IOPS_175,4083,0.0
earthgeckoSkyline,IOPS_175,4084,0.0
earthgeckoSkyline,IOPS_175,4085,0.0
earthgeckoSkyline,IOPS_175,4086,0.0
earthgeckoSkyline,IOPS_175,4087,0.0
earthgeckoSkyline,IOPS_175,4088,0.0
earthgeckoSkyline,IOPS_175,4089,0.0
earthgeckoSkyline,IOPS_175,4090,0.0
earthgeckoSkyline,IOPS_175,4091,0.0
earthgeckoSkyline,IOPS_175,4092,0.0
earthgeckoSkyline,IOPS_175,4093,0.0
earthgeckoSkyline,IOPS_175,4094,0.0
earthgeckoSkyline,IOPS_175,4095,0.0
earthgeckoSkyline,IOPS_175,4096,0.0
earthgeckoSkyline,IOPS_175,4097,0.0
earthgeckoSkyline,IOPS_175,4098,0.0
earthgeckoSkyline,IOPS_175,4099,0.0
earthgeckoSkyline,IOPS_175,4100,0.0
earthgeckoSkyline,IOPS_175,4101,0.0
earthgeckoSkyline,IOPS_175,4102,0.0
earthgeckoSkyline,IOPS_175,4103,0.0
earthgeckoSkyline,IOPS_175,4104,0.0
earthgeckoSkyline,IOPS_175,4105,0.0
earthgeckoSkyline,IOPS_175,4106,0.0
earthgeckoSkyline,IOPS_175,4107,0.0
earthgeckoSkyline,IOPS_175,4108,0.0
earthgeckoSkyline,IOPS_175,4109,0.0
earthgeckoSkyline,IOPS_175,4110,0.0
earthgeckoSkyline,IOPS_175,4111,0.0
earthgeckoSkyline,IOPS_175,4112,0.0
earthgeckoSkyline,IOPS_175,4113,0.0
earthgeckoSkyline,IOPS_175,4114,0.0
earthgeckoSkyline,IOPS_175,4115,0.0
earthgeckoSkyline,IOPS_175,4116,0.0
earthgeckoSkyline,IOPS_175,4117,0.0
earthgeckoSkyline,IOPS_175,4118,0.0
earthgeckoSkyline,IOPS_175,4119,0.0
earthgeckoSkyline,IOPS_175,4120,0.0
earthgeckoSkyline,IOPS_175,4121,0.0
earthgeckoSkyline,IOPS_175,4122,0.0
earthgeckoSkyline,IOPS_175,4123,0.0
earthgeckoSkyline,IOPS_175,4124,0.0
earthgeckoSkyline,IOPS_175,4125,0.0
earthgeckoSkyline,IOPS_175,4126,0.0
earthgeckoSkyline,IOPS_175,4127,0.0
earthgeckoSkyline,IOPS_175,4128,0.0
earthgeckoSkyline,IOPS_175,4129,0.0
earthgeckoSkyline,IOPS_175,4130,0.0
earthgeckoSkyline,IOPS_175,4131,0.0
earthgeckoSkyline,IOPS_175,4132,0.0
earthgeckoSkyline,IOPS_175,4133,0.0
earthgeckoSkyline,IOPS_175,4134,0.0
earthgeckoSkyline,IOPS_175,4135,0.0
earthgeckoSkyline,IOPS_175,4136,0.0
earthgeckoSkyline,IOPS_175,4137,0.0
earthgeckoSkyline,IOPS_175,4138,0.0
earthgeckoSkyline,IOPS_175,4139,0.0
earthgeckoSkyline,IOPS_175,4140,0.0
earthgeckoSkyline,IOPS_175,4141,0.0
earthgeckoSkyline,IOPS_175,4142,0.0
earthgeckoSkyline,IOPS_175,4143,0.0
earthgeckoSkyline,IOPS_175,4144,0.0
earthgeckoSkyline,IOPS_175,4145,0.0
earthgeckoSkyline,IOPS_175,4146,0.0
earthgeckoSkyline,IOPS_175,4147,0.0
earthgeckoSkyline,IOPS_175,4148,0.0
earthgeckoSkyline,IOPS_175,4149,0.0
earthgeckoSkyline,IOPS_175,4150,0.0
earthgeckoSkyline,IOPS_175,4151,0.0
earthgeckoSkyline,IOPS_175,4152,0.0
earthgeckoSkyline,IOPS_175,4153,0.0
earthgeckoSkyline,IOPS_175,4154,0.0
earthgeckoSkyline,IOPS_175,4155,0.0
earthgeckoSkyline,IOPS_175,4156,0.0
earthgeckoSkyline,IOPS_175,4157,0.0
earthgeckoSkyline,IOPS_175,4158,0.0
earthgeckoSkyline,IOPS_175,4159,0.0
earthgeckoSkyline,IOPS_175,4160,0.0
earthgeckoSkyline,IOPS_175,4161,0.0
earthgeckoSkyline,IOPS_175,4162,0.0
earthgeckoSkyline,IOPS_175,4163,0.0
earthgeckoSkyline,IOPS_175,4164,0.0
earthgeckoSkyline,IOPS_175,4165,0.0
earthgeckoSkyline,IOPS_175,4166,0.0
earthgeckoSkyline,IOPS_175,4167,0.0
earthgeckoSkyline,IOPS_175,4168,0.0
earthgeckoSkyline,IOPS_175,4169,0.0
earthgeckoSkyline,IOPS_175,4170,0.0
earthgeckoSkyline,IOPS_175,4171,0.0
earthgeckoSkyline,IOPS_175,4172,0.0
earthgeckoSkyline,IOPS_175,4173,0.0
earthgeckoSkyline,IOPS_175,4174,0.0
earthgeckoSkyline,IOPS_175,4175,0.0
earthgeckoSkyline,IOPS_175,4176,0.0
earthgeckoSkyline,IOPS_175,4177,0.0
earthgeckoSkyline,IOPS_175,4178,0.0
earthgeckoSkyline,IOPS_175,4179,0.0
earthgeckoSkyline,IOPS_175,4180,0.0
earthgeckoSkyline,IOPS_175,4181,0.0
earthgeckoSkyline,IOPS_175,4182,0.0
earthgeckoSkyline,IOPS_175,4183,0.0
earthgeckoSkyline,IOPS_175,4184,0.0
earthgeckoSkyline,IOPS_175,4185,0.0
earthgeckoSkyline,IOPS_175,4186,0.0
earthgeckoSkyline,IOPS_175,4187,0.0
earthgeckoSkyline,IOPS_175,4188,0.0
earthgeckoSkyline,IOPS_175,4189,0.0
earthgeckoSkyline,IOPS_175,4190,0.0
earthgeckoSkyline,IOPS_175,4191,0.0
earthgeckoSkyline,IOPS_175,4192,0.0
earthgeckoSkyline,IOPS_175,4193,0.0
earthgeckoSkyline,IOPS_175,4194,0.0
earthgeckoSkyline,IOPS_175,4195,0.0
earthgeckoSkyline,IOPS_175,4196,0.0
earthgeckoSkyline,IOPS_175,4197,0.0
earthgeckoSkyline,IOPS_175,4198,0.0
earthgeckoSkyline,IOPS_175,4199,0.0
earthgeckoSkyline,IOPS_175,4200,0.0
earthgeckoSkyline,IOPS_175,4201,0.0
earthgeckoSkyline,IOPS_175,4202,0.0
earthgeckoSkyline,IOPS_175,4203,0.0
earthgeckoSkyline,IOPS_175,4204,0.0
earthgeckoSkyline,IOPS_175,4205,0.0
earthgeckoSkyline,IOPS_175,4206,0.0
earthgeckoSkyline,IOPS_175,4207,0.0
earthgeckoSkyline,IOPS_175,4208,0.0
earthgeckoSkyline,IOPS_175,4209,0.0
earthgeckoSkyline,IOPS_175,4210,0.0
earthgeckoSkyline,IOPS_175,4211,0.0
earthgeckoSkyline,IOPS_175,4212,0.0
earthgeckoSkyline,IOPS_175,4213,0.0
earthgeckoSkyline,IOPS_175,4214,0.0
earthgeckoSkyline,IOPS_175,4215,0.0
earthgeckoSkyline,IOPS_175,4216,0.0
earthgeckoSkyline,IOPS_175,4217,0.0
earthgeckoSkyline,IOPS_175,4218,0.0
earthgeckoSkyline,IOPS_175,4219,0.0
earthgeckoSkyline,IOPS_175,4220,0.0
earthgeckoSkyline,IOPS_175,4221,0.0
earthgeckoSkyline,IOPS_175,4222,0.0
earthgeckoSkyline,IOPS_175,4223,0.0
earthgeckoSkyline,IOPS_175,4224,0.0
earthgeckoSkyline,IOPS_175,4225,0.0
earthgeckoSkyline,IOPS_175,4226,0.0
earthgeckoSkyline,IOPS_175,4227,0.0
earthgeckoSkyline,IOPS_175,4228,0.0
earthgeckoSkyline,IOPS_175,4229,0.0
earthgeckoSkyline,IOPS_175,4230,0.0
earthgeckoSkyline,IOPS_175,4231,0.0
earthgeckoSkyline,IOPS_175,4232,0.0
earthgeckoSkyline,IOPS_175,4233,0.0
earthgeckoSkyline,IOPS_175,4234,0.0
earthgeckoSkyline,IOPS_175,4235,0.0
earthgeckoSkyline,IOPS_175,4236,0.0
earthgeckoSkyline,IOPS_175,4237,0.0
earthgeckoSkyline,IOPS_175,4238,0.0
earthgeckoSkyline,IOPS_175,4239,0.0
earthgeckoSkyline,IOPS_175,4240,0.0
earthgeckoSkyline,IOPS_175,4241,0.0
earthgeckoSkyline,IOPS_175,4242,0.0
earthgeckoSkyline,IOPS_175,4243,0.0
earthgeckoSkyline,IOPS_175,4244,0.0
earthgeckoSkyline,IOPS_175,4245,0.0
earthgeckoSkyline,IOPS_175,4246,0.0
earthgeckoSkyline,IOPS_175,4247,0.0
earthgeckoSkyline,IOPS_175,4248,0.0
earthgeckoSkyline,IOPS_175,4249,0.0
earthgeckoSkyline,IOPS_175,4250,0.0
earthgeckoSkyline,IOPS_175,4251,0.0
earthgeckoSkyline,IOPS_175,4252,0.0
earthgeckoSkyline,IOPS_175,4253,0.0
earthgeckoSkyline,IOPS_175,4254,0.0
earthgeckoSkyline,IOPS_175,4255,0.0
earthgeckoSkyline,IOPS_175,4256,0.0
earthgeckoSkyline,IOPS_175,4257,0.0
earthgeckoSkyline,IOPS_175,4258,0.0
earthgeckoSkyline,IOPS_175,4259,0.0
earthgeckoSkyline,IOPS_175,4260,0.0
earthgeckoSkyline,IOPS_175,4261,0.0
earthgeckoSkyline,IOPS_175,4262,0.0
earthgeckoSkyline,IOPS_175,4263,0.0
earthgeckoSkyline,IOPS_175,4264,0.0
earthgeckoSkyline,IOPS_175,4265,0.0
earthgeckoSkyline,IOPS_175,4266,0.0
earthgeckoSkyline,IOPS_175,4267,0.0
earthgeckoSkyline,IOPS_175,4268,0.0
earthgeckoSkyline,IOPS_175,4269,0.0
earthgeckoSkyline,IOPS_175,4270,0.0
earthgeckoSkyline,IOPS_175,4271,0.0
earthgeckoSkyline,IOPS_175,4272,0.0
earthgeckoSkyline,IOPS_175,4273,0.0
earthgeckoSkyline,IOPS_175,4274,0.0
earthgeckoSkyline,IOPS_175,4275,0.0
earthgeckoSkyline,IOPS_175,4276,0.0
earthgeckoSkyline,IOPS_175,4277,0.0
earthgeckoSkyline,IOPS_175,4278,0.0
earthgeckoSkyline,IOPS_175,4279,0.0
earthgeckoSkyline,IOPS_175,4280,0.0
earthgeckoSkyline,IOPS_175,4281,0.0
earthgeckoSkyline,IOPS_175,4282,0.0
earthgeckoSkyline,IOPS_175,4283,0.0
earthgeckoSkyline,IOPS_175,4284,0.0
earthgeckoSkyline,IOPS_175,4285,0.0
earthgeckoSkyline,IOPS_175,4286,0.0
earthgeckoSkyline,IOPS_175,4287,0.0
earthgeckoSkyline,IOPS_175,4288,0.0
earthgeckoSkyline,IOPS_175,4289,0.0
earthgeckoSkyline,IOPS_175,4290,0.0
earthgeckoSkyline,IOPS_175,4291,0.0
earthgeckoSkyline,IOPS_175,4292,0.0
earthgeckoSkyline,IOPS_175,4293,0.0
earthgeckoSkyline,IOPS_175,4294,0.0
earthgeckoSkyline,IOPS_175,4295,0.0
earthgeckoSkyline,IOPS_175,4296,0.0
earthgeckoSkyline,IOPS_175,4297,0.0
earthgeckoSkyline,IOPS_175,4298,0.0
earthgeckoSkyline,IOPS_175,4299,0.0
earthgeckoSkyline,IOPS_175,4300,0.0
earthgeckoSkyline,IOPS_175,4301,0.0
earthgeckoSkyline,IOPS_175,4302,0.0
earthgeckoSkyline,IOPS_175,4303,0.0
earthgeckoSkyline,IOPS_175,4304,0.0
earthgeckoSkyline,IOPS_175,4305,0.0
earthgeckoSkyline,IOPS_175,4306,0.0
earthgeckoSkyline,IOPS_175,4307,0.0
earthgeckoSkyline,IOPS_175,4308,0.0
earthgeckoSkyline,IOPS_175,4309,0.0
earthgeckoSkyline,IOPS_175,4310,0.0
earthgeckoSkyline,IOPS_175,4311,0.0
earthgeckoSkyline,IOPS_175,4312,0.0
earthgeckoSkyline,IOPS_175,4313,0.0
earthgeckoSkyline,IOPS_175,4314,0.0
earthgeckoSkyline,IOPS_175,4315,0.0
earthgeckoSkyline,IOPS_175,4316,0.0
earthgeckoSkyline,IOPS_175,4317,0.0
earthgeckoSkyline,IOPS_175,4318,0.0
earthgeckoSkyline,IOPS_175,4319,0.0
earthgeckoSkyline,IOPS_175,4320,0.0
earthgeckoSkyline,IOPS_175,4321,0.0
earthgeckoSkyline,IOPS_175,4322,0.0
earthgeckoSkyline,IOPS_175,4323,0.0
earthgeckoSkyline,IOPS_175,4324,0.0
earthgeckoSkyline,IOPS_175,4325,0.0
earthgeckoSkyline,IOPS_175,4326,0.0
earthgeckoSkyline,IOPS_175,4327,0.0
earthgeckoSkyline,IOPS_175,4328,0.0
earthgeckoSkyline,IOPS_175,4329,0.0
earthgeckoSkyline,IOPS_175,4330,0.0
earthgeckoSkyline,IOPS_175,4331,0.0
earthgeckoSkyline,IOPS_175,4332,0.0
earthgeckoSkyline,IOPS_175,4333,0.0
earthgeckoSkyline,IOPS_175,4334,0.0
earthgeckoSkyline,IOPS_175,4335,0.0
earthgeckoSkyline,IOPS_175,4336,0.0
earthgeckoSkyline,IOPS_175,4337,0.0
earthgeckoSkyline,IOPS_175,4338,0.0
earthgeckoSkyline,IOPS_175,4339,0.0
earthgeckoSkyline,IOPS_175,4340,0.0
earthgeckoSkyline,IOPS_175,4341,0.0
earthgeckoSkyline,IOPS_175,4342,0.0
earthgeckoSkyline,IOPS_175,4343,0.0
earthgeckoSkyline,IOPS_175,4344,0.0
earthgeckoSkyline,IOPS_175,4345,0.0
earthgeckoSkyline,IOPS_175,4346,0.0
earthgeckoSkyline,IOPS_175,4347,0.0
earthgeckoSkyline,IOPS_175,4348,0.0
earthgeckoSkyline,IOPS_175,4349,0.0
earthgeckoSkyline,IOPS_175,4350,0.0
earthgeckoSkyline,IOPS_175,4351,0.0
earthgeckoSkyline,IOPS_175,4352,0.0
earthgeckoSkyline,IOPS_175,4353,0.0
earthgeckoSkyline,IOPS_175,4354,0.0
earthgeckoSkyline,IOPS_175,4355,0.0
earthgeckoSkyline,IOPS_175,4356,0.0
earthgeckoSkyline,IOPS_175,4357,0.0
earthgeckoSkyline,IOPS_175,4358,0.0
earthgeckoSkyline,IOPS_175,4359,0.0
earthgeckoSkyline,IOPS_175,4360,0.0
earthgeckoSkyline,IOPS_175,4361,0.0
earthgeckoSkyline,IOPS_175,4362,0.0
earthgeckoSkyline,IOPS_175,4363,0.0
earthgeckoSkyline,IOPS_175,4364,0.0
earthgeckoSkyline,IOPS_175,4365,0.0
earthgeckoSkyline,IOPS_175,4366,0.0
earthgeckoSkyline,IOPS_175,4367,0.0
earthgeckoSkyline,IOPS_175,4368,0.0
earthgeckoSkyline,IOPS_175,4369,0.0
earthgeckoSkyline,IOPS_175,4370,0.0
earthgeckoSkyline,IOPS_175,4371,0.0
earthgeckoSkyline,IOPS_175,4372,0.0
earthgeckoSkyline,IOPS_175,4373,0.0
earthgeckoSkyline,IOPS_175,4374,0.0
earthgeckoSkyline,IOPS_175,4375,0.0
earthgeckoSkyline,IOPS_175,4376,0.0
earthgeckoSkyline,IOPS_175,4377,0.0
earthgeckoSkyline,IOPS_175,4378,0.0
earthgeckoSkyline,IOPS_175,4379,0.0
earthgeckoSkyline,IOPS_175,4380,0.0
earthgeckoSkyline,IOPS_175,4381,0.0
earthgeckoSkyline,IOPS_175,4382,0.0
earthgeckoSkyline,IOPS_175,4383,0.0
earthgeckoSkyline,IOPS_175,4384,0.0
earthgeckoSkyline,IOPS_175,4385,0.0
earthgeckoSkyline,IOPS_175,4386,0.0
earthgeckoSkyline,IOPS_175,4387,0.0
earthgeckoSkyline,IOPS_175,4388,0.0
earthgeckoSkyline,IOPS_175,4389,0.0
earthgeckoSkyline,IOPS_175,4390,0.0
earthgeckoSkyline,IOPS_175,4391,0.0
earthgeckoSkyline,IOPS_175,4392,0.0
earthgeckoSkyline,IOPS_175,4393,0.0
earthgeckoSkyline,IOPS_175,4394,0.0
earthgeckoSkyline,IOPS_175,4395,0.0
earthgeckoSkyline,IOPS_175,4396,0.0
earthgeckoSkyline,IOPS_175,4397,0.0
earthgeckoSkyline,IOPS_175,4398,0.0
earthgeckoSkyline,IOPS_175,4399,0.0
earthgeckoSkyline,IOPS_175,4400,0.0
earthgeckoSkyline,IOPS_175,4401,0.0
earthgeckoSkyline,IOPS_175,4402,0.0
earthgeckoSkyline,IOPS_175,4403,0.0
earthgeckoSkyline,IOPS_175,4404,0.0
earthgeckoSkyline,IOPS_175,4405,0.0
earthgeckoSkyline,IOPS_175,4406,0.0
earthgeckoSkyline,IOPS_175,4407,0.0
earthgeckoSkyline,IOPS_175,4408,0.0
earthgeckoSkyline,IOPS_175,4409,0.0
earthgeckoSkyline,IOPS_175,4410,0.0
earthgeckoSkyline,IOPS_175,4411,0.0
earthgeckoSkyline,IOPS_175,4412,0.0
earthgeckoSkyline,IOPS_175,4413,0.0
earthgeckoSkyline,IOPS_175,4414,0.0
earthgeckoSkyline,IOPS_175,4415,0.0
earthgeckoSkyline,IOPS_175,4416,0.0
earthgeckoSkyline,IOPS_175,4417,0.0
earthgeckoSkyline,IOPS_175,4418,0.0
earthgeckoSkyline,IOPS_175,4419,0.0
earthgeckoSkyline,IOPS_175,4420,0.0
earthgeckoSkyline,IOPS_175,4421,0.0
earthgeckoSkyline,IOPS_175,4422,0.0
earthgeckoSkyline,IOPS_175,4423,0.0
earthgeckoSkyline,IOPS_175,4424,0.0
earthgeckoSkyline,IOPS_175,4425,0.0
earthgeckoSkyline,IOPS_175,4426,0.0
earthgeckoSkyline,IOPS_175,4427,0.0
earthgeckoSkyline,IOPS_175,4428,0.0
earthgeckoSkyline,IOPS_175,4429,0.0
earthgeckoSkyline,IOPS_175,4430,0.0
earthgeckoSkyline,IOPS_175,4431,0.0
earthgeckoSkyline,IOPS_175,4432,0.0
earthgeckoSkyline,IOPS_175,4433,0.0
earthgeckoSkyline,IOPS_175,4434,0.0
earthgeckoSkyline,IOPS_175,4435,0.0
earthgeckoSkyline,IOPS_175,4436,0.0
earthgeckoSkyline,IOPS_175,4437,0.0
earthgeckoSkyline,IOPS_175,4438,0.0
earthgeckoSkyline,IOPS_175,4439,0.0
earthgeckoSkyline,IOPS_175,4440,0.0
earthgeckoSkyline,IOPS_175,4441,0.0
earthgeckoSkyline,IOPS_175,4442,0.0
earthgeckoSkyline,IOPS_175,4443,0.0
earthgeckoSkyline,IOPS_175,4444,0.0
earthgeckoSkyline,IOPS_175,4445,0.0
earthgeckoSkyline,IOPS_175,4446,0.0
earthgeckoSkyline,IOPS_175,4447,0.0
earthgeckoSkyline,IOPS_175,4448,0.0
earthgeckoSkyline,IOPS_175,4449,0.0
earthgeckoSkyline,IOPS_175,4450,0.0
earthgeckoSkyline,IOPS_175,4451,0.0
earthgeckoSkyline,IOPS_175,4452,0.0
earthgeckoSkyline,IOPS_175,4453,0.0
earthgeckoSkyline,IOPS_175,4454,0.0
earthgeckoSkyline,IOPS_175,4455,0.0
earthgeckoSkyline,IOPS_175,4456,0.0
earthgeckoSkyline,IOPS_175,4457,0.0
earthgeckoSkyline,IOPS_175,4458,0.0
earthgeckoSkyline,IOPS_175,4459,0.0
earthgeckoSkyline,IOPS_175,4460,0.0
earthgeckoSkyline,IOPS_175,4461,0.0
earthgeckoSkyline,IOPS_175,4462,0.0
earthgeckoSkyline,IOPS_175,4463,0.0
earthgeckoSkyline,IOPS_175,4464,0.0
earthgeckoSkyline,IOPS_175,4465,0.0
earthgeckoSkyline,IOPS_175,4466,0.0
earthgeckoSkyline,IOPS_175,4467,0.0
earthgeckoSkyline,IOPS_175,4468,0.0
earthgeckoSkyline,IOPS_175,4469,0.0
earthgeckoSkyline,IOPS_175,4470,0.0
earthgeckoSkyline,IOPS_175,4471,0.0
earthgeckoSkyline,IOPS_175,4472,0.0
earthgeckoSkyline,IOPS_175,4473,0.0
earthgeckoSkyline,IOPS_175,4474,0.0
earthgeckoSkyline,IOPS_175,4475,0.0
earthgeckoSkyline,IOPS_175,4476,0.0
earthgeckoSkyline,IOPS_175,4477,0.0
earthgeckoSkyline,IOPS_175,4478,0.0
earthgeckoSkyline,IOPS_175,4479,0.0
earthgeckoSkyline,IOPS_175,4480,0.0
earthgeckoSkyline,IOPS_175,4481,0.0
earthgeckoSkyline,IOPS_175,4482,0.0
earthgeckoSkyline,IOPS_175,4483,0.0
earthgeckoSkyline,IOPS_175,4484,0.0
earthgeckoSkyline,IOPS_175,4485,0.0
earthgeckoSkyline,IOPS_175,4486,0.0
earthgeckoSkyline,IOPS_175,4487,0.0
earthgeckoSkyline,IOPS_175,4488,0.0
earthgeckoSkyline,IOPS_175,4489,0.0
earthgeckoSkyline,IOPS_175,4490,0.0
earthgeckoSkyline,IOPS_175,4491,0.0
earthgeckoSkyline,IOPS_175,4492,0.0
earthgeckoSkyline,IOPS_175,4493,0.0
earthgeckoSkyline,IOPS_175,4494,0.0
earthgeckoSkyline,IOPS_175,4495,0.0
earthgeckoSkyline,IOPS_175,4496,0.0
earthgeckoSkyline,IOPS_175,4497,0.0
earthgeckoSkyline,IOPS_175,4498,0.0
earthgeckoSkyline,IOPS_175,4499,0.0
earthgeckoSkyline,IOPS_175,4500,0.0
earthgeckoSkyline,IOPS_175,4501,0.0
earthgeckoSkyline,IOPS_175,4502,0.0
earthgeckoSkyline,IOPS_175,4503,0.0
earthgeckoSkyline,IOPS_175,4504,0.0
earthgeckoSkyline,IOPS_175,4505,0.0
earthgeckoSkyline,IOPS_175,4506,0.0
earthgeckoSkyline,IOPS_175,4507,0.0
earthgeckoSkyline,IOPS_175,4508,0.0
earthgeckoSkyline,IOPS_175,4509,0.0
earthgeckoSkyline,IOPS_175,4510,0.0
earthgeckoSkyline,IOPS_175,4511,0.0
earthgeckoSkyline,IOPS_175,4512,0.0
earthgeckoSkyline,IOPS_175,4513,0.0
earthgeckoSkyline,IOPS_175,4514,0.0
earthgeckoSkyline,IOPS_175,4515,0.0
earthgeckoSkyline,IOPS_175,4516,0.0
earthgeckoSkyline,IOPS_175,4517,0.0
earthgeckoSkyline,IOPS_175,4518,0.0
earthgeckoSkyline,IOPS_175,4519,0.0
earthgeckoSkyline,IOPS_175,4520,0.0
earthgeckoSkyline,IOPS_175,4521,0.0
earthgeckoSkyline,IOPS_175,4522,0.0
earthgeckoSkyline,IOPS_175,4523,0.0
earthgeckoSkyline,IOPS_175,4524,0.0
earthgeckoSkyline,IOPS_175,4525,0.0
earthgeckoSkyline,IOPS_175,4526,0.0
earthgeckoSkyline,IOPS_175,4527,0.0
earthgeckoSkyline,IOPS_175,4528,0.0
earthgeckoSkyline,IOPS_175,4529,0.0
earthgeckoSkyline,IOPS_175,4530,0.0
earthgeckoSkyline,IOPS_175,4531,0.0
earthgeckoSkyline,IOPS_175,4532,0.0
earthgeckoSkyline,IOPS_175,4533,0.0
earthgeckoSkyline,IOPS_175,4534,0.0
earthgeckoSkyline,IOPS_175,4535,0.0
earthgeckoSkyline,IOPS_175,4536,0.0
earthgeckoSkyline,IOPS_175,4537,0.0
earthgeckoSkyline,IOPS_175,4538,0.0
earthgeckoSkyline,IOPS_175,4539,0.0
earthgeckoSkyline,IOPS_175,4540,0.0
earthgeckoSkyline,IOPS_175,4541,0.0
earthgeckoSkyline,IOPS_175,4542,0.0
earthgeckoSkyline,IOPS_175,4543,0.0
earthgeckoSkyline,IOPS_175,4544,0.0
earthgeckoSkyline,IOPS_175,4545,0.0
earthgeckoSkyline,IOPS_175,4546,0.0
earthgeckoSkyline,IOPS_175,4547,0.0
earthgeckoSkyline,IOPS_175,4548,0.0
earthgeckoSkyline,IOPS_175,4549,0.0
earthgeckoSkyline,IOPS_175,4550,0.0
earthgeckoSkyline,IOPS_175,4551,0.0
earthgeckoSkyline,IOPS_175,4552,0.0
earthgeckoSkyline,IOPS_175,4553,0.0
earthgeckoSkyline,IOPS_175,4554,0.0
earthgeckoSkyline,IOPS_175,4555,0.0
earthgeckoSkyline,IOPS_175,4556,0.0
earthgeckoSkyline,IOPS_175,4557,0.0
earthgeckoSkyline,IOPS_175,4558,0.0
earthgeckoSkyline,IOPS_175,4559,0.0
earthgeckoSkyline,IOPS_175,4560,0.0
earthgeckoSkyline,IOPS_175,4561,0.0
earthgeckoSkyline,IOPS_175,4562,0.0
earthgeckoSkyline,IOPS_175,4563,0.0
earthgeckoSkyline,IOPS_175,4564,0.0
earthgeckoSkyline,IOPS_175,4565,0.0
earthgeckoSkyline,IOPS_175,4566,0.0
earthgeckoSkyline,IOPS_175,4567,0.0
earthgeckoSkyline,IOPS_175,4568,0.0
earthgeckoSkyline,IOPS_175,4569,0.0
earthgeckoSkyline,IOPS_175,4570,0.0
earthgeckoSkyline,IOPS_175,4571,0.0
earthgeckoSkyline,IOPS_175,4572,0.0
earthgeckoSkyline,IOPS_175,4573,0.0
earthgeckoSkyline,IOPS_175,4574,0.0
earthgeckoSkyline,IOPS_175,4575,0.0
earthgeckoSkyline,IOPS_175,4576,0.0
earthgeckoSkyline,IOPS_175,4577,0.0
earthgeckoSkyline,IOPS_175,4578,0.0
earthgeckoSkyline,IOPS_175,4579,0.0
earthgeckoSkyline,IOPS_175,4580,0.0
earthgeckoSkyline,IOPS_175,4581,0.0
earthgeckoSkyline,IOPS_175,4582,0.0
earthgeckoSkyline,IOPS_175,4583,0.0
earthgeckoSkyline,IOPS_175,4584,0.0
earthgeckoSkyline,IOPS_175,4585,0.0
earthgeckoSkyline,IOPS_175,4586,0.0
earthgeckoSkyline,IOPS_175,4587,0.0
earthgeckoSkyline,IOPS_175,4588,0.0
earthgeckoSkyline,IOPS_175,4589,0.0
earthgeckoSkyline,IOPS_175,4590,0.0
earthgeckoSkyline,IOPS_175,4591,0.0
earthgeckoSkyline,IOPS_175,4592,0.0
earthgeckoSkyline,IOPS_175,4593,0.0
earthgeckoSkyline,IOPS_175,4594,0.0
earthgeckoSkyline,IOPS_175,4595,0.0
earthgeckoSkyline,IOPS_175,4596,0.0
earthgeckoSkyline,IOPS_175,4597,0.0
earthgeckoSkyline,IOPS_175,4598,0.0
earthgeckoSkyline,IOPS_175,4599,0.0
earthgeckoSkyline,IOPS_175,4600,0.0
earthgeckoSkyline,IOPS_175,4601,0.0
earthgeckoSkyline,IOPS_175,4602,0.0
earthgeckoSkyline,IOPS_175,4603,0.0
earthgeckoSkyline,IOPS_175,4604,0.0
earthgeckoSkyline,IOPS_175,4605,0.0
earthgeckoSkyline,IOPS_175,4606,0.0
earthgeckoSkyline,IOPS_175,4607,0.0
earthgeckoSkyline,IOPS_175,4608,0.0
earthgeckoSkyline,IOPS_175,4609,0.0
earthgeckoSkyline,IOPS_175,4610,0.0
earthgeckoSkyline,IOPS_175,4611,0.0
earthgeckoSkyline,IOPS_175,4612,0.0
earthgeckoSkyline,IOPS_175,4613,0.0
earthgeckoSkyline,IOPS_175,4614,0.0
earthgeckoSkyline,IOPS_175,4615,0.0
earthgeckoSkyline,IOPS_175,4616,0.0
earthgeckoSkyline,IOPS_175,4617,0.0
earthgeckoSkyline,IOPS_175,4618,0.0
earthgeckoSkyline,IOPS_175,4619,0.0
earthgeckoSkyline,IOPS_175,4620,0.0
earthgeckoSkyline,IOPS_175,4621,0.0
earthgeckoSkyline,IOPS_175,4622,0.0
earthgeckoSkyline,IOPS_175,4623,0.0
earthgeckoSkyline,IOPS_175,4624,0.0
earthgeckoSkyline,IOPS_175,4625,0.0
earthgeckoSkyline,IOPS_175,4626,0.0
earthgeckoSkyline,IOPS_175,4627,0.0
earthgeckoSkyline,IOPS_175,4628,0.0
earthgeckoSkyline,IOPS_175,4629,0.0
earthgeckoSkyline,IOPS_175,4630,0.0
earthgeckoSkyline,IOPS_175,4631,0.0
earthgeckoSkyline,IOPS_175,4632,0.0
earthgeckoSkyline,IOPS_175,4633,0.0
earthgeckoSkyline,IOPS_175,4634,0.0
earthgeckoSkyline,IOPS_175,4635,0.0
earthgeckoSkyline,IOPS_175,4636,0.0
earthgeckoSkyline,IOPS_175,4637,0.0
earthgeckoSkyline,IOPS_175,4638,0.0
earthgeckoSkyline,IOPS_175,4639,0.0
earthgeckoSkyline,IOPS_175,4640,0.0
earthgeckoSkyline,IOPS_175,4641,0.0
earthgeckoSkyline,IOPS_175,4642,0.0
earthgeckoSkyline,IOPS_175,4643,0.0
earthgeckoSkyline,IOPS_175,4644,0.0
earthgeckoSkyline,IOPS_175,4645,0.0
earthgeckoSkyline,IOPS_175,4646,0.0
earthgeckoSkyline,IOPS_175,4647,0.0
earthgeckoSkyline,IOPS_175,4648,0.0
earthgeckoSkyline,IOPS_175,4649,0.0
earthgeckoSkyline,IOPS_175,4650,0.0
earthgeckoSkyline,IOPS_175,4651,0.0
earthgeckoSkyline,IOPS_175,4652,0.0
earthgeckoSkyline,IOPS_175,4653,0.0
earthgeckoSkyline,IOPS_175,4654,0.0
earthgeckoSkyline,IOPS_175,4655,0.0
earthgeckoSkyline,IOPS_175,4656,0.0
earthgeckoSkyline,IOPS_175,4657,0.0
earthgeckoSkyline,IOPS_175,4658,0.0
earthgeckoSkyline,IOPS_175,4659,0.0
earthgeckoSkyline,IOPS_175,4660,0.0
earthgeckoSkyline,IOPS_175,4661,0.0
earthgeckoSkyline,IOPS_175,4662,0.0
earthgeckoSkyline,IOPS_175,4663,0.0
earthgeckoSkyline,IOPS_175,4664,0.0
earthgeckoSkyline,IOPS_175,4665,0.0
earthgeckoSkyline,IOPS_175,4666,0.0
earthgeckoSkyline,IOPS_175,4667,0.0
earthgeckoSkyline,IOPS_175,4668,0.0
earthgeckoSkyline,IOPS_175,4669,0.0
earthgeckoSkyline,IOPS_175,4670,0.0
earthgeckoSkyline,IOPS_175,4671,0.0
earthgeckoSkyline,IOPS_175,4672,0.0
earthgeckoSkyline,IOPS_175,4673,0.0
earthgeckoSkyline,IOPS_175,4674,0.0
earthgeckoSkyline,IOPS_175,4675,0.0
earthgeckoSkyline,IOPS_175,4676,0.0
earthgeckoSkyline,IOPS_175,4677,0.0
earthgeckoSkyline,IOPS_175,4678,0.0
earthgeckoSkyline,IOPS_175,4679,0.0
earthgeckoSkyline,IOPS_175,4680,0.0
earthgeckoSkyline,IOPS_175,4681,0.0
earthgeckoSkyline,IOPS_175,4682,0.0
earthgeckoSkyline,IOPS_175,4683,0.0
earthgeckoSkyline,IOPS_175,4684,0.0
earthgeckoSkyline,IOPS_175,4685,0.0
earthgeckoSkyline,IOPS_175,4686,0.0
earthgeckoSkyline,IOPS_175,4687,0.0
earthgeckoSkyline,IOPS_175,4688,0.0
earthgeckoSkyline,IOPS_175,4689,0.0
earthgeckoSkyline,IOPS_175,4690,0.0
earthgeckoSkyline,IOPS_175,4691,0.0
earthgeckoSkyline,IOPS_175,4692,0.0
earthgeckoSkyline,IOPS_175,4693,0.0
earthgeckoSkyline,IOPS_175,4694,0.0
earthgeckoSkyline,IOPS_175,4695,0.0
earthgeckoSkyline,IOPS_175,4696,0.0
earthgeckoSkyline,IOPS_175,4697,0.0
earthgeckoSkyline,IOPS_175,4698,0.0
earthgeckoSkyline,IOPS_175,4699,0.0
earthgeckoSkyline,IOPS_175,4700,0.0
earthgeckoSkyline,IOPS_175,4701,0.0
earthgeckoSkyline,IOPS_175,4702,0.0
earthgeckoSkyline,IOPS_175,4703,0.0
earthgeckoSkyline,IOPS_175,4704,0.0
earthgeckoSkyline,IOPS_175,4705,0.0
earthgeckoSkyline,IOPS_175,4706,0.0
earthgeckoSkyline,IOPS_175,4707,0.0
earthgeckoSkyline,IOPS_175,4708,0.0
earthgeckoSkyline,IOPS_175,4709,0.0
earthgeckoSkyline,IOPS_175,4710,0.0
earthgeckoSkyline,IOPS_175,4711,0.0
earthgeckoSkyline,IOPS_175,4712,0.0
earthgeckoSkyline,IOPS_175,4713,0.0
earthgeckoSkyline,IOPS_175,4714,0.0
earthgeckoSkyline,IOPS_175,4715,0.0
earthgeckoSkyline,IOPS_175,4716,0.0
earthgeckoSkyline,IOPS_175,4717,0.0
earthgeckoSkyline,IOPS_175,4718,0.0
earthgeckoSkyline,IOPS_175,4719,0.0
earthgeckoSkyline,IOPS_175,4720,0.0
earthgeckoSkyline,IOPS_175,4721,0.0
earthgeckoSkyline,IOPS_175,4722,0.0
earthgeckoSkyline,IOPS_175,4723,0.0
earthgeckoSkyline,IOPS_175,4724,0.0
earthgeckoSkyline,IOPS_175,4725,0.0
earthgeckoSkyline,IOPS_175,4726,0.0
earthgeckoSkyline,IOPS_175,4727,0.0
earthgeckoSkyline,IOPS_175,4728,0.0
earthgeckoSkyline,IOPS_175,4729,0.0
earthgeckoSkyline,IOPS_175,4730,0.0
earthgeckoSkyline,IOPS_175,4731,0.0
earthgeckoSkyline,IOPS_175,4732,0.0
earthgeckoSkyline,IOPS_175,4733,0.0
earthgeckoSkyline,IOPS_175,4734,0.0
earthgeckoSkyline,IOPS_175,4735,0.0
earthgeckoSkyline,IOPS_175,4736,0.0
earthgeckoSkyline,IOPS_175,4737,0.0
earthgeckoSkyline,IOPS_175,4738,0.0
earthgeckoSkyline,IOPS_175,4739,0.0
earthgeckoSkyline,IOPS_175,4740,0.0
earthgeckoSkyline,IOPS_175,4741,0.0
earthgeckoSkyline,IOPS_175,4742,0.0
earthgeckoSkyline,IOPS_175,4743,0.0
earthgeckoSkyline,IOPS_175,4744,0.0
earthgeckoSkyline,IOPS_175,4745,0.0
earthgeckoSkyline,IOPS_175,4746,0.0
earthgeckoSkyline,IOPS_175,4747,0.0
earthgeckoSkyline,IOPS_175,4748,0.0
earthgeckoSkyline,IOPS_175,4749,0.0
earthgeckoSkyline,IOPS_175,4750,0.0
earthgeckoSkyline,IOPS_175,4751,0.0
earthgeckoSkyline,IOPS_175,4752,0.0
earthgeckoSkyline,IOPS_175,4753,0.0
earthgeckoSkyline,IOPS_175,4754,0.0
earthgeckoSkyline,IOPS_175,4755,0.0
earthgeckoSkyline,IOPS_175,4756,0.0
earthgeckoSkyline,IOPS_175,4757,0.0
earthgeckoSkyline,IOPS_175,4758,0.0
earthgeckoSkyline,IOPS_175,4759,0.0
earthgeckoSkyline,IOPS_175,4760,0.0
earthgeckoSkyline,IOPS_175,4761,0.0
earthgeckoSkyline,IOPS_175,4762,0.0
earthgeckoSkyline,IOPS_175,4763,0.0
earthgeckoSkyline,IOPS_175,4764,0.0
earthgeckoSkyline,IOPS_175,4765,0.0
earthgeckoSkyline,IOPS_175,4766,0.0
earthgeckoSkyline,IOPS_175,4767,0.0
earthgeckoSkyline,IOPS_175,4768,0.0
earthgeckoSkyline,IOPS_175,4769,0.0
earthgeckoSkyline,IOPS_175,4770,0.0
earthgeckoSkyline,IOPS_175,4771,0.0
earthgeckoSkyline,IOPS_175,4772,0.0
earthgeckoSkyline,IOPS_175,4773,0.0
earthgeckoSkyline,IOPS_175,4774,0.0
earthgeckoSkyline,IOPS_175,4775,0.0
earthgeckoSkyline,IOPS_175,4776,0.0
earthgeckoSkyline,IOPS_175,4777,0.0
earthgeckoSkyline,IOPS_175,4778,0.0
earthgeckoSkyline,IOPS_175,4779,0.0
earthgeckoSkyline,IOPS_175,4780,0.0
earthgeckoSkyline,IOPS_175,4781,0.0
earthgeckoSkyline,IOPS_175,4782,0.0
earthgeckoSkyline,IOPS_175,4783,0.0
earthgeckoSkyline,IOPS_175,4784,0.0
earthgeckoSkyline,IOPS_175,4785,0.0
earthgeckoSkyline,IOPS_175,4786,0.0
earthgeckoSkyline,IOPS_175,4787,0.0
earthgeckoSkyline,IOPS_175,4788,0.0
earthgeckoSkyline,IOPS_175,4789,0.0
earthgeckoSkyline,IOPS_175,4790,0.0
earthgeckoSkyline,IOPS_175,4791,0.0
earthgeckoSkyline,IOPS_175,4792,0.0
earthgeckoSkyline,IOPS_175,4793,0.0
earthgeckoSkyline,IOPS_175,4794,0.0
earthgeckoSkyline,IOPS_175,4795,0.0
earthgeckoSkyline,IOPS_175,4796,0.0
earthgeckoSkyline,IOPS_175,4797,0.0
earthgeckoSkyline,IOPS_175,4798,0.0
earthgeckoSkyline,IOPS_175,4799,1.0
earthgeckoSkyline,IOPS_175,4800,0.0
earthgeckoSkyline,IOPS_175,4801,0.0
earthgeckoSkyline,IOPS_175,4802,0.0
earthgeckoSkyline,IOPS_175,4803,0.0
earthgeckoSkyline,IOPS_175,4804,0.0
earthgeckoSkyline,IOPS_175,4805,0.0
earthgeckoSkyline,IOPS_175,4806,0.0
earthgeckoSkyline,IOPS_175,4807,0.0
earthgeckoSkyline,IOPS_175,4808,0.0
earthgeckoSkyline,IOPS_175,4809,0.0
earthgeckoSkyline,IOPS_175,4810,0.0
earthgeckoSkyline,IOPS_175,4811,0.0
earthgeckoSkyline,IOPS_175,4812,0.0
earthgeckoSkyline,IOPS_175,4813,0.0
earthgeckoSkyline,IOPS_175,4814,0.0
earthgeckoSkyline,IOPS_175,4815,0.0
earthgeckoSkyline,IOPS_175,4816,0.0
earthgeckoSkyline,IOPS_175,4817,0.0
earthgeckoSkyline,IOPS_175,4818,0.0
earthgeckoSkyline,IOPS_175,4819,0.0
earthgeckoSkyline,IOPS_175,4820,0.0
earthgeckoSkyline,IOPS_175,4821,0.0
earthgeckoSkyline,IOPS_175,4822,0.0
earthgeckoSkyline,IOPS_175,4823,0.0
earthgeckoSkyline,IOPS_175,4824,0.0
earthgeckoSkyline,IOPS_175,4825,0.0
earthgeckoSkyline,IOPS_175,4826,0.0
earthgeckoSkyline,IOPS_175,4827,0.0
earthgeckoSkyline,IOPS_175,4828,0.0
earthgeckoSkyline,IOPS_175,4829,0.0
earthgeckoSkyline,IOPS_175,4830,0.0
earthgeckoSkyline,IOPS_175,4831,0.0
earthgeckoSkyline,IOPS_175,4832,0.0
earthgeckoSkyline,IOPS_175,4833,0.0
earthgeckoSkyline,IOPS_175,4834,0.0
earthgeckoSkyline,IOPS_175,4835,0.0
earthgeckoSkyline,IOPS_175,4836,0.0
earthgeckoSkyline,IOPS_175,4837,0.0
earthgeckoSkyline,IOPS_175,4838,0.0
earthgeckoSkyline,IOPS_175,4839,0.0
earthgeckoSkyline,IOPS_175,4840,0.0
earthgeckoSkyline,IOPS_175,4841,0.0
earthgeckoSkyline,IOPS_175,4842,0.0
earthgeckoSkyline,IOPS_175,4843,0.0
earthgeckoSkyline,IOPS_175,4844,0.0
earthgeckoSkyline,IOPS_175,4845,0.0
earthgeckoSkyline,IOPS_175,4846,0.0
earthgeckoSkyline,IOPS_175,4847,0.0
earthgeckoSkyline,IOPS_175,4848,0.0
earthgeckoSkyline,IOPS_175,4849,0.0
earthgeckoSkyline,IOPS_175,4850,0.0
earthgeckoSkyline,IOPS_175,4851,0.0
earthgeckoSkyline,IOPS_175,4852,0.0
earthgeckoSkyline,IOPS_175,4853,0.0
earthgeckoSkyline,IOPS_175,4854,0.0
earthgeckoSkyline,IOPS_175,4855,0.0
earthgeckoSkyline,IOPS_175,4856,0.0
earthgeckoSkyline,IOPS_175,4857,0.0
earthgeckoSkyline,IOPS_175,4858,0.0
earthgeckoSkyline,IOPS_175,4859,0.0
earthgeckoSkyline,IOPS_175,4860,0.0
earthgeckoSkyline,IOPS_175,4861,0.0
earthgeckoSkyline,IOPS_175,4862,0.0
earthgeckoSkyline,IOPS_175,4863,0.0
earthgeckoSkyline,IOPS_175,4864,0.0
earthgeckoSkyline,IOPS_175,4865,0.0
earthgeckoSkyline,IOPS_175,4866,0.0
earthgeckoSkyline,IOPS_175,4867,0.0
earthgeckoSkyline,IOPS_175,4868,0.0
earthgeckoSkyline,IOPS_175,4869,0.0
earthgeckoSkyline,IOPS_175,4870,0.0
earthgeckoSkyline,IOPS_175,4871,0.0
earthgeckoSkyline,IOPS_175,4872,0.0
earthgeckoSkyline,IOPS_175,4873,0.0
earthgeckoSkyline,IOPS_175,4874,0.0
earthgeckoSkyline,IOPS_175,4875,0.0
earthgeckoSkyline,IOPS_175,4876,0.0
earthgeckoSkyline,IOPS_175,4877,0.0
earthgeckoSkyline,IOPS_175,4878,0.0
earthgeckoSkyline,IOPS_175,4879,0.0
earthgeckoSkyline,IOPS_175,4880,0.0
earthgeckoSkyline,IOPS_175,4881,0.0
earthgeckoSkyline,IOPS_175,4882,0.0
earthgeckoSkyline,IOPS_175,4883,0.0
earthgeckoSkyline,IOPS_175,4884,0.0
earthgeckoSkyline,IOPS_175,4885,0.0
earthgeckoSkyline,IOPS_175,4886,0.0
earthgeckoSkyline,IOPS_175,4887,0.0
earthgeckoSkyline,IOPS_175,4888,0.0
earthgeckoSkyline,IOPS_175,4889,0.0
earthgeckoSkyline,IOPS_175,4890,0.0
earthgeckoSkyline,IOPS_175,4891,0.0
earthgeckoSkyline,IOPS_175,4892,0.0
earthgeckoSkyline,IOPS_175,4893,0.0
earthgeckoSkyline,IOPS_175,4894,0.0
earthgeckoSkyline,IOPS_175,4895,0.0
earthgeckoSkyline,IOPS_175,4896,0.0
earthgeckoSkyline,IOPS_175,4897,0.0
earthgeckoSkyline,IOPS_175,4898,0.0
earthgeckoSkyline,IOPS_175,4899,0.0
earthgeckoSkyline,IOPS_175,4900,0.0
earthgeckoSkyline,IOPS_175,4901,0.0
earthgeckoSkyline,IOPS_175,4902,0.0
earthgeckoSkyline,IOPS_175,4903,0.0
earthgeckoSkyline,IOPS_175,4904,0.0
earthgeckoSkyline,IOPS_175,4905,0.0
earthgeckoSkyline,IOPS_175,4906,0.0
earthgeckoSkyline,IOPS_175,4907,0.0
earthgeckoSkyline,IOPS_175,4908,0.0
earthgeckoSkyline,IOPS_175,4909,0.0
earthgeckoSkyline,IOPS_175,4910,0.0
earthgeckoSkyline,IOPS_175,4911,0.0
earthgeckoSkyline,IOPS_175,4912,0.0
earthgeckoSkyline,IOPS_175,4913,0.0
earthgeckoSkyline,IOPS_175,4914,0.0
earthgeckoSkyline,IOPS_175,4915,0.0
earthgeckoSkyline,IOPS_175,4916,0.0
earthgeckoSkyline,IOPS_175,4917,0.0
earthgeckoSkyline,IOPS_175,4918,0.0
earthgeckoSkyline,IOPS_175,4919,0.0
earthgeckoSkyline,IOPS_175,4920,0.0
earthgeckoSkyline,IOPS_175,4921,0.0
earthgeckoSkyline,IOPS_175,4922,0.0
earthgeckoSkyline,IOPS_175,4923,0.0
earthgeckoSkyline,IOPS_175,4924,0.0
earthgeckoSkyline,IOPS_175,4925,0.0
earthgeckoSkyline,IOPS_175,4926,0.0
earthgeckoSkyline,IOPS_175,4927,0.0
earthgeckoSkyline,IOPS_175,4928,0.0
earthgeckoSkyline,IOPS_175,4929,0.0
earthgeckoSkyline,IOPS_175,4930,0.0
earthgeckoSkyline,IOPS_175,4931,0.0
earthgeckoSkyline,IOPS_175,4932,0.0
earthgeckoSkyline,IOPS_175,4933,0.0
earthgeckoSkyline,IOPS_175,4934,0.0
earthgeckoSkyline,IOPS_175,4935,0.0
earthgeckoSkyline,IOPS_175,4936,0.0
earthgeckoSkyline,IOPS_175,4937,0.0
earthgeckoSkyline,IOPS_175,4938,0.0
earthgeckoSkyline,IOPS_175,4939,0.0
earthgeckoSkyline,IOPS_175,4940,0.0
earthgeckoSkyline,IOPS_175,4941,0.0
earthgeckoSkyline,IOPS_175,4942,0.0
earthgeckoSkyline,IOPS_175,4943,1.0
earthgeckoSkyline,IOPS_175,4944,0.0
earthgeckoSkyline,IOPS_175,4945,0.0
earthgeckoSkyline,IOPS_175,4946,0.0
earthgeckoSkyline,IOPS_175,4947,0.0
earthgeckoSkyline,IOPS_175,4948,0.0
earthgeckoSkyline,IOPS_175,4949,0.0
earthgeckoSkyline,IOPS_175,4950,0.0
earthgeckoSkyline,IOPS_175,4951,0.0
earthgeckoSkyline,IOPS_175,4952,0.0
earthgeckoSkyline,IOPS_175,4953,0.0
earthgeckoSkyline,IOPS_175,4954,0.0
earthgeckoSkyline,IOPS_175,4955,0.0
earthgeckoSkyline,IOPS_175,4956,0.0
earthgeckoSkyline,IOPS_175,4957,0.0
earthgeckoSkyline,IOPS_175,4958,0.0
earthgeckoSkyline,IOPS_175,4959,0.0
earthgeckoSkyline,IOPS_175,4960,0.0
earthgeckoSkyline,IOPS_175,4961,0.0
earthgeckoSkyline,IOPS_175,4962,0.0
earthgeckoSkyline,IOPS_175,4963,0.0
earthgeckoSkyline,IOPS_175,4964,0.0
earthgeckoSkyline,IOPS_175,4965,0.0
earthgeckoSkyline,IOPS_175,4966,0.0
earthgeckoSkyline,IOPS_175,4967,0.0
earthgeckoSkyline,IOPS_175,4968,0.0
earthgeckoSkyline,IOPS_175,4969,0.0
earthgeckoSkyline,IOPS_175,4970,0.0
earthgeckoSkyline,IOPS_175,4971,0.0
earthgeckoSkyline,IOPS_175,4972,0.0
earthgeckoSkyline,IOPS_175,4973,0.0
earthgeckoSkyline,IOPS_175,4974,0.0
earthgeckoSkyline,IOPS_175,4975,0.0
earthgeckoSkyline,IOPS_175,4976,0.0
earthgeckoSkyline,IOPS_175,4977,0.0
earthgeckoSkyline,IOPS_175,4978,0.0
earthgeckoSkyline,IOPS_175,4979,0.0
earthgeckoSkyline,IOPS_175,4980,0.0
earthgeckoSkyline,IOPS_175,4981,0.0
earthgeckoSkyline,IOPS_175,4982,0.0
earthgeckoSkyline,IOPS_175,4983,0.0
earthgeckoSkyline,IOPS_175,4984,0.0
earthgeckoSkyline,IOPS_175,4985,0.0
earthgeckoSkyline,IOPS_175,4986,0.0
earthgeckoSkyline,IOPS_175,4987,0.0
earthgeckoSkyline,IOPS_175,4988,0.0
earthgeckoSkyline,IOPS_175,4989,0.0
earthgeckoSkyline,IOPS_175,4990,0.0
earthgeckoSkyline,IOPS_175,4991,0.0
earthgeckoSkyline,IOPS_175,4992,0.0
earthgeckoSkyline,IOPS_175,4993,0.0
earthgeckoSkyline,IOPS_175,4994,0.0
earthgeckoSkyline,IOPS_175,4995,0.0
earthgeckoSkyline,IOPS_175,4996,0.0
earthgeckoSkyline,IOPS_175,4997,0.0
earthgeckoSkyline,IOPS_175,4998,0.0
earthgeckoSkyline,IOPS_175,4999,0.0
earthgeckoSkyline,IOPS_175,5000,0.0
earthgeckoSkyline,IOPS_175,5001,0.0
earthgeckoSkyline,IOPS_175,5002,0.0
earthgeckoSkyline,IOPS_175,5003,0.0
earthgeckoSkyline,IOPS_175,5004,0.0
earthgeckoSkyline,IOPS_175,5005,0.0
earthgeckoSkyline,IOPS_175,5006,0.0
earthgeckoSkyline,IOPS_175,5007,0.0
earthgeckoSkyline,IOPS_175,5008,0.0
earthgeckoSkyline,IOPS_175,5009,0.0
earthgeckoSkyline,IOPS_175,5010,0.0
earthgeckoSkyline,IOPS_175,5011,0.0
earthgeckoSkyline,IOPS_175,5012,0.0
earthgeckoSkyline,IOPS_175,5013,0.0
earthgeckoSkyline,IOPS_175,5014,0.0
earthgeckoSkyline,IOPS_175,5015,0.0
earthgeckoSkyline,IOPS_175,5016,0.0
earthgeckoSkyline,IOPS_175,5017,0.0
earthgeckoSkyline,IOPS_175,5018,0.0
earthgeckoSkyline,IOPS_175,5019,0.0
earthgeckoSkyline,IOPS_175,5020,0.0
earthgeckoSkyline,IOPS_175,5021,0.0
earthgeckoSkyline,IOPS_175,5022,0.0
earthgeckoSkyline,IOPS_175,5023,0.0
earthgeckoSkyline,IOPS_175,5024,0.0
earthgeckoSkyline,IOPS_175,5025,0.0
earthgeckoSkyline,IOPS_175,5026,0.0
earthgeckoSkyline,IOPS_175,5027,0.0
earthgeckoSkyline,IOPS_175,5028,0.0
earthgeckoSkyline,IOPS_175,5029,0.0
earthgeckoSkyline,IOPS_175,5030,0.0
earthgeckoSkyline,IOPS_175,5031,0.0
earthgeckoSkyline,IOPS_175,5032,0.0
earthgeckoSkyline,IOPS_175,5033,0.0
earthgeckoSkyline,IOPS_175,5034,0.0
earthgeckoSkyline,IOPS_175,5035,0.0
earthgeckoSkyline,IOPS_175,5036,0.0
earthgeckoSkyline,IOPS_175,5037,0.0
earthgeckoSkyline,IOPS_175,5038,0.0
earthgeckoSkyline,IOPS_175,5039,0.0
earthgeckoSkyline,IOPS_175,5040,0.0
earthgeckoSkyline,IOPS_175,5041,0.0
earthgeckoSkyline,IOPS_175,5042,0.0
earthgeckoSkyline,IOPS_175,5043,0.0
earthgeckoSkyline,IOPS_175,5044,0.0
earthgeckoSkyline,IOPS_175,5045,0.0
earthgeckoSkyline,IOPS_175,5046,0.0
earthgeckoSkyline,IOPS_175,5047,0.0
earthgeckoSkyline,IOPS_175,5048,0.0
earthgeckoSkyline,IOPS_175,5049,0.0
earthgeckoSkyline,IOPS_175,5050,0.0
earthgeckoSkyline,IOPS_175,5051,0.0
earthgeckoSkyline,IOPS_175,5052,0.0
earthgeckoSkyline,IOPS_175,5053,0.0
earthgeckoSkyline,IOPS_175,5054,0.0
earthgeckoSkyline,IOPS_175,5055,0.0
earthgeckoSkyline,IOPS_175,5056,0.0
earthgeckoSkyline,IOPS_175,5057,0.0
earthgeckoSkyline,IOPS_175,5058,0.0
earthgeckoSkyline,IOPS_175,5059,0.0
earthgeckoSkyline,IOPS_175,5060,0.0
earthgeckoSkyline,IOPS_175,5061,0.0
earthgeckoSkyline,IOPS_175,5062,0.0
earthgeckoSkyline,IOPS_175,5063,0.0
earthgeckoSkyline,IOPS_175,5064,0.0
earthgeckoSkyline,IOPS_175,5065,0.0
earthgeckoSkyline,IOPS_175,5066,0.0
earthgeckoSkyline,IOPS_175,5067,0.0
earthgeckoSkyline,IOPS_175,5068,0.0
earthgeckoSkyline,IOPS_175,5069,0.0
earthgeckoSkyline,IOPS_175,5070,0.0
earthgeckoSkyline,IOPS_175,5071,0.0
earthgeckoSkyline,IOPS_175,5072,0.0
earthgeckoSkyline,IOPS_175,5073,0.0
earthgeckoSkyline,IOPS_175,5074,0.0
earthgeckoSkyline,IOPS_175,5075,0.0
earthgeckoSkyline,IOPS_175,5076,0.0
earthgeckoSkyline,IOPS_175,5077,0.0
earthgeckoSkyline,IOPS_175,5078,0.0
earthgeckoSkyline,IOPS_175,5079,0.0
earthgeckoSkyline,IOPS_175,5080,0.0
earthgeckoSkyline,IOPS_175,5081,0.0
earthgeckoSkyline,IOPS_175,5082,0.0
earthgeckoSkyline,IOPS_175,5083,0.0
earthgeckoSkyline,IOPS_175,5084,0.0
earthgeckoSkyline,IOPS_175,5085,0.0
earthgeckoSkyline,IOPS_175,5086,0.0
earthgeckoSkyline,IOPS_175,5087,1.0
earthgeckoSkyline,IOPS_175,5088,0.0
earthgeckoSkyline,IOPS_175,5089,0.0
earthgeckoSkyline,IOPS_175,5090,0.0
earthgeckoSkyline,IOPS_175,5091,0.0
earthgeckoSkyline,IOPS_175,5092,0.0
earthgeckoSkyline,IOPS_175,5093,0.0
earthgeckoSkyline,IOPS_175,5094,0.0
earthgeckoSkyline,IOPS_175,5095,0.0
earthgeckoSkyline,IOPS_175,5096,0.0
earthgeckoSkyline,IOPS_175,5097,0.0
earthgeckoSkyline,IOPS_175,5098,0.0
earthgeckoSkyline,IOPS_175,5099,0.0
earthgeckoSkyline,IOPS_175,5100,0.0
earthgeckoSkyline,IOPS_175,5101,0.0
earthgeckoSkyline,IOPS_175,5102,0.0
earthgeckoSkyline,IOPS_175,5103,0.0
earthgeckoSkyline,IOPS_175,5104,0.0
earthgeckoSkyline,IOPS_175,5105,0.0
earthgeckoSkyline,IOPS_175,5106,0.0
earthgeckoSkyline,IOPS_175,5107,0.0
earthgeckoSkyline,IOPS_175,5108,0.0
earthgeckoSkyline,IOPS_175,5109,0.0
earthgeckoSkyline,IOPS_175,5110,0.0
earthgeckoSkyline,IOPS_175,5111,0.0
earthgeckoSkyline,IOPS_175,5112,0.0
earthgeckoSkyline,IOPS_175,5113,0.0
earthgeckoSkyline,IOPS_175,5114,0.0
earthgeckoSkyline,IOPS_175,5115,0.0
earthgeckoSkyline,IOPS_175,5116,0.0
earthgeckoSkyline,IOPS_175,5117,0.0
earthgeckoSkyline,IOPS_175,5118,0.0
earthgeckoSkyline,IOPS_175,5119,0.0
earthgeckoSkyline,IOPS_175,5120,0.0
earthgeckoSkyline,IOPS_175,5121,0.0
earthgeckoSkyline,IOPS_175,5122,0.0
earthgeckoSkyline,IOPS_175,5123,0.0
earthgeckoSkyline,IOPS_175,5124,0.0
earthgeckoSkyline,IOPS_175,5125,0.0
earthgeckoSkyline,IOPS_175,5126,0.0
earthgeckoSkyline,IOPS_175,5127,0.0
earthgeckoSkyline,IOPS_175,5128,0.0
earthgeckoSkyline,IOPS_175,5129,0.0
earthgeckoSkyline,IOPS_175,5130,0.0
earthgeckoSkyline,IOPS_175,5131,0.0
earthgeckoSkyline,IOPS_175,5132,0.0
earthgeckoSkyline,IOPS_175,5133,0.0
earthgeckoSkyline,IOPS_175,5134,0.0
earthgeckoSkyline,IOPS_175,5135,0.0
earthgeckoSkyline,IOPS_175,5136,0.0
earthgeckoSkyline,IOPS_175,5137,0.0
earthgeckoSkyline,IOPS_175,5138,0.0
earthgeckoSkyline,IOPS_175,5139,0.0
earthgeckoSkyline,IOPS_175,5140,0.0
earthgeckoSkyline,IOPS_175,5141,0.0
earthgeckoSkyline,IOPS_175,5142,0.0
earthgeckoSkyline,IOPS_175,5143,0.0
earthgeckoSkyline,IOPS_175,5144,0.0
earthgeckoSkyline,IOPS_175,5145,0.0
earthgeckoSkyline,IOPS_175,5146,0.0
earthgeckoSkyline,IOPS_175,5147,0.0
earthgeckoSkyline,IOPS_175,5148,0.0
earthgeckoSkyline,IOPS_175,5149,0.0
earthgeckoSkyline,IOPS_175,5150,0.0
earthgeckoSkyline,IOPS_175,5151,0.0
earthgeckoSkyline,IOPS_175,5152,0.0
earthgeckoSkyline,IOPS_175,5153,0.0
earthgeckoSkyline,IOPS_175,5154,0.0
earthgeckoSkyline,IOPS_175,5155,0.0
earthgeckoSkyline,IOPS_175,5156,0.0
earthgeckoSkyline,IOPS_175,5157,0.0
earthgeckoSkyline,IOPS_175,5158,0.0
earthgeckoSkyline,IOPS_175,5159,0.0
earthgeckoSkyline,IOPS_175,5160,0.0
earthgeckoSkyline,IOPS_175,5161,0.0
earthgeckoSkyline,IOPS_175,5162,0.0
earthgeckoSkyline,IOPS_175,5163,0.0
earthgeckoSkyline,IOPS_175,5164,0.0
earthgeckoSkyline,IOPS_175,5165,0.0
earthgeckoSkyline,IOPS_175,5166,0.0
earthgeckoSkyline,IOPS_175,5167,0.0
earthgeckoSkyline,IOPS_175,5168,0.0
earthgeckoSkyline,IOPS_175,5169,0.0
earthgeckoSkyline,IOPS_175,5170,0.0
earthgeckoSkyline,IOPS_175,5171,0.0
earthgeckoSkyline,IOPS_175,5172,0.0
earthgeckoSkyline,IOPS_175,5173,0.0
earthgeckoSkyline,IOPS_175,5174,0.0
earthgeckoSkyline,IOPS_175,5175,0.0
earthgeckoSkyline,IOPS_175,5176,0.0
earthgeckoSkyline,IOPS_175,5177,0.0
earthgeckoSkyline,IOPS_175,5178,0.0
earthgeckoSkyline,IOPS_175,5179,0.0
earthgeckoSkyline,IOPS_175,5180,0.0
earthgeckoSkyline,IOPS_175,5181,0.0
earthgeckoSkyline,IOPS_175,5182,0.0
earthgeckoSkyline,IOPS_175,5183,0.0
earthgeckoSkyline,IOPS_175,5184,0.0
earthgeckoSkyline,IOPS_175,5185,0.0
earthgeckoSkyline,IOPS_175,5186,0.0
earthgeckoSkyline,IOPS_175,5187,0.0
earthgeckoSkyline,IOPS_175,5188,0.0
earthgeckoSkyline,IOPS_175,5189,0.0
earthgeckoSkyline,IOPS_175,5190,0.0
earthgeckoSkyline,IOPS_175,5191,0.0
earthgeckoSkyline,IOPS_175,5192,0.0
earthgeckoSkyline,IOPS_175,5193,0.0
earthgeckoSkyline,IOPS_175,5194,0.0
earthgeckoSkyline,IOPS_175,5195,0.0
earthgeckoSkyline,IOPS_175,5196,0.0
earthgeckoSkyline,IOPS_175,5197,0.0
earthgeckoSkyline,IOPS_175,5198,0.0
earthgeckoSkyline,IOPS_175,5199,0.0
earthgeckoSkyline,IOPS_175,5200,0.0
earthgeckoSkyline,IOPS_175,5201,0.0
earthgeckoSkyline,IOPS_175,5202,0.0
earthgeckoSkyline,IOPS_175,5203,0.0
earthgeckoSkyline,IOPS_175,5204,0.0
earthgeckoSkyline,IOPS_175,5205,0.0
earthgeckoSkyline,IOPS_175,5206,0.0
earthgeckoSkyline,IOPS_175,5207,0.0
earthgeckoSkyline,IOPS_175,5208,0.0
earthgeckoSkyline,IOPS_175,5209,0.0
earthgeckoSkyline,IOPS_175,5210,0.0
earthgeckoSkyline,IOPS_175,5211,0.0
earthgeckoSkyline,IOPS_175,5212,0.0
earthgeckoSkyline,IOPS_175,5213,0.0
earthgeckoSkyline,IOPS_175,5214,0.0
earthgeckoSkyline,IOPS_175,5215,0.0
earthgeckoSkyline,IOPS_175,5216,0.0
earthgeckoSkyline,IOPS_175,5217,0.0
earthgeckoSkyline,IOPS_175,5218,0.0
earthgeckoSkyline,IOPS_175,5219,0.0
earthgeckoSkyline,IOPS_175,5220,0.0
earthgeckoSkyline,IOPS_175,5221,0.0
earthgeckoSkyline,IOPS_175,5222,0.0
earthgeckoSkyline,IOPS_175,5223,0.0
earthgeckoSkyline,IOPS_175,5224,0.0
earthgeckoSkyline,IOPS_175,5225,0.0
earthgeckoSkyline,IOPS_175,5226,0.0
earthgeckoSkyline,IOPS_175,5227,0.0
earthgeckoSkyline,IOPS_175,5228,0.0
earthgeckoSkyline,IOPS_175,5229,0.0
earthgeckoSkyline,IOPS_175,5230,0.0
earthgeckoSkyline,IOPS_175,5231,0.0
earthgeckoSkyline,IOPS_175,5232,0.0
earthgeckoSkyline,IOPS_175,5233,0.0
earthgeckoSkyline,IOPS_175,5234,0.0
earthgeckoSkyline,IOPS_175,5235,0.0
earthgeckoSkyline,IOPS_175,5236,0.0
earthgeckoSkyline,IOPS_175,5237,0.0
earthgeckoSkyline,IOPS_175,5238,0.0
earthgeckoSkyline,IOPS_175,5239,0.0
earthgeckoSkyline,IOPS_175,5240,0.0
earthgeckoSkyline,IOPS_175,5241,0.0
earthgeckoSkyline,IOPS_175,5242,0.0
earthgeckoSkyline,IOPS_175,5243,0.0
earthgeckoSkyline,IOPS_175,5244,0.0
earthgeckoSkyline,IOPS_175,5245,0.0
earthgeckoSkyline,IOPS_175,5246,0.0
earthgeckoSkyline,IOPS_175,5247,0.0
earthgeckoSkyline,IOPS_175,5248,0.0
earthgeckoSkyline,IOPS_175,5249,0.0
earthgeckoSkyline,IOPS_175,5250,0.0
earthgeckoSkyline,IOPS_175,5251,0.0
earthgeckoSkyline,IOPS_175,5252,0.0
earthgeckoSkyline,IOPS_175,5253,0.0
earthgeckoSkyline,IOPS_175,5254,0.0
earthgeckoSkyline,IOPS_175,5255,0.0
earthgeckoSkyline,IOPS_175,5256,0.0
earthgeckoSkyline,IOPS_175,5257,0.0
earthgeckoSkyline,IOPS_175,5258,0.0
earthgeckoSkyline,IOPS_175,5259,0.0
earthgeckoSkyline,IOPS_175,5260,0.0
earthgeckoSkyline,IOPS_175,5261,0.0
earthgeckoSkyline,IOPS_175,5262,0.0
earthgeckoSkyline,IOPS_175,5263,0.0
earthgeckoSkyline,IOPS_175,5264,0.0
earthgeckoSkyline,IOPS_175,5265,0.0
earthgeckoSkyline,IOPS_175,5266,0.0
earthgeckoSkyline,IOPS_175,5267,0.0
earthgeckoSkyline,IOPS_175,5268,0.0
earthgeckoSkyline,IOPS_175,5269,0.0
earthgeckoSkyline,IOPS_175,5270,0.0
earthgeckoSkyline,IOPS_175,5271,0.0
earthgeckoSkyline,IOPS_175,5272,0.0
earthgeckoSkyline,IOPS_175,5273,0.0
earthgeckoSkyline,IOPS_175,5274,0.0
earthgeckoSkyline,IOPS_175,5275,0.0
earthgeckoSkyline,IOPS_175,5276,0.0
earthgeckoSkyline,IOPS_175,5277,0.0
earthgeckoSkyline,IOPS_175,5278,0.0
earthgeckoSkyline,IOPS_175,5279,0.0
earthgeckoSkyline,IOPS_175,5280,0.0
earthgeckoSkyline,IOPS_175,5281,0.0
earthgeckoSkyline,IOPS_175,5282,0.0
earthgeckoSkyline,IOPS_175,5283,0.0
earthgeckoSkyline,IOPS_175,5284,0.0
earthgeckoSkyline,IOPS_175,5285,0.0
earthgeckoSkyline,IOPS_175,5286,0.0
earthgeckoSkyline,IOPS_175,5287,0.0
earthgeckoSkyline,IOPS_175,5288,0.0
earthgeckoSkyline,IOPS_175,5289,0.0
earthgeckoSkyline,IOPS_175,5290,0.0
earthgeckoSkyline,IOPS_175,5291,0.0
earthgeckoSkyline,IOPS_175,5292,0.0
earthgeckoSkyline,IOPS_175,5293,0.0
earthgeckoSkyline,IOPS_175,5294,0.0
earthgeckoSkyline,IOPS_175,5295,0.0
earthgeckoSkyline,IOPS_175,5296,0.0
earthgeckoSkyline,IOPS_175,5297,0.0
earthgeckoSkyline,IOPS_175,5298,0.0
earthgeckoSkyline,IOPS_175,5299,0.0
earthgeckoSkyline,IOPS_175,5300,0.0
earthgeckoSkyline,IOPS_175,5301,0.0
earthgeckoSkyline,IOPS_175,5302,0.0
earthgeckoSkyline,IOPS_175,5303,0.0
earthgeckoSkyline,IOPS_175,5304,0.0
earthgeckoSkyline,IOPS_175,5305,0.0
earthgeckoSkyline,IOPS_175,5306,0.0
earthgeckoSkyline,IOPS_175,5307,0.0
earthgeckoSkyline,IOPS_175,5308,0.0
earthgeckoSkyline,IOPS_175,5309,0.0
earthgeckoSkyline,IOPS_175,5310,0.0
earthgeckoSkyline,IOPS_175,5311,0.0
earthgeckoSkyline,IOPS_175,5312,0.0
earthgeckoSkyline,IOPS_175,5313,0.0
earthgeckoSkyline,IOPS_175,5314,0.0
earthgeckoSkyline,IOPS_175,5315,0.0
earthgeckoSkyline,IOPS_175,5316,0.0
earthgeckoSkyline,IOPS_175,5317,0.0
earthgeckoSkyline,IOPS_175,5318,0.0
earthgeckoSkyline,IOPS_175,5319,0.0
earthgeckoSkyline,IOPS_175,5320,0.0
earthgeckoSkyline,IOPS_175,5321,0.0
earthgeckoSkyline,IOPS_175,5322,0.0
earthgeckoSkyline,IOPS_175,5323,0.0
earthgeckoSkyline,IOPS_175,5324,0.0
earthgeckoSkyline,IOPS_175,5325,0.0
earthgeckoSkyline,IOPS_175,5326,0.0
earthgeckoSkyline,IOPS_175,5327,0.0
earthgeckoSkyline,IOPS_175,5328,0.0
earthgeckoSkyline,IOPS_175,5329,0.0
earthgeckoSkyline,IOPS_175,5330,0.0
earthgeckoSkyline,IOPS_175,5331,0.0
earthgeckoSkyline,IOPS_175,5332,0.0
earthgeckoSkyline,IOPS_175,5333,0.0
earthgeckoSkyline,IOPS_175,5334,0.0
earthgeckoSkyline,IOPS_175,5335,0.0
earthgeckoSkyline,IOPS_175,5336,0.0
earthgeckoSkyline,IOPS_175,5337,0.0
earthgeckoSkyline,IOPS_175,5338,0.0
earthgeckoSkyline,IOPS_175,5339,0.0
earthgeckoSkyline,IOPS_175,5340,0.0
earthgeckoSkyline,IOPS_175,5341,0.0
earthgeckoSkyline,IOPS_175,5342,0.0
earthgeckoSkyline,IOPS_175,5343,0.0
earthgeckoSkyline,IOPS_175,5344,0.0
earthgeckoSkyline,IOPS_175,5345,0.0
earthgeckoSkyline,IOPS_175,5346,0.0
earthgeckoSkyline,IOPS_175,5347,0.0
earthgeckoSkyline,IOPS_175,5348,0.0
earthgeckoSkyline,IOPS_175,5349,0.0
earthgeckoSkyline,IOPS_175,5350,0.0
earthgeckoSkyline,IOPS_175,5351,0.0
earthgeckoSkyline,IOPS_175,5352,0.0
earthgeckoSkyline,IOPS_175,5353,0.0
earthgeckoSkyline,IOPS_175,5354,0.0
earthgeckoSkyline,IOPS_175,5355,0.0
earthgeckoSkyline,IOPS_175,5356,0.0
earthgeckoSkyline,IOPS_175,5357,0.0
earthgeckoSkyline,IOPS_175,5358,0.0
earthgeckoSkyline,IOPS_175,5359,0.0
earthgeckoSkyline,IOPS_175,5360,0.0
earthgeckoSkyline,IOPS_175,5361,0.0
earthgeckoSkyline,IOPS_175,5362,0.0
earthgeckoSkyline,IOPS_175,5363,0.0
earthgeckoSkyline,IOPS_175,5364,0.0
earthgeckoSkyline,IOPS_175,5365,0.0
earthgeckoSkyline,IOPS_175,5366,0.0
earthgeckoSkyline,IOPS_175,5367,0.0
earthgeckoSkyline,IOPS_175,5368,0.0
earthgeckoSkyline,IOPS_175,5369,0.0
earthgeckoSkyline,IOPS_175,5370,0.0
earthgeckoSkyline,IOPS_175,5371,0.0
earthgeckoSkyline,IOPS_175,5372,0.0
earthgeckoSkyline,IOPS_175,5373,0.0
earthgeckoSkyline,IOPS_175,5374,0.0
earthgeckoSkyline,IOPS_175,5375,0.0
earthgeckoSkyline,IOPS_175,5376,0.0
earthgeckoSkyline,IOPS_175,5377,0.0
earthgeckoSkyline,IOPS_175,5378,0.0
earthgeckoSkyline,IOPS_175,5379,0.0
earthgeckoSkyline,IOPS_175,5380,0.0
earthgeckoSkyline,IOPS_175,5381,0.0
earthgeckoSkyline,IOPS_175,5382,0.0
earthgeckoSkyline,IOPS_175,5383,0.0
earthgeckoSkyline,IOPS_175,5384,0.0
earthgeckoSkyline,IOPS_175,5385,0.0
earthgeckoSkyline,IOPS_175,5386,0.0
earthgeckoSkyline,IOPS_175,5387,0.0
earthgeckoSkyline,IOPS_175,5388,0.0
earthgeckoSkyline,IOPS_175,5389,0.0
earthgeckoSkyline,IOPS_175,5390,0.0
earthgeckoSkyline,IOPS_175,5391,0.0
earthgeckoSkyline,IOPS_175,5392,0.0
earthgeckoSkyline,IOPS_175,5393,0.0
earthgeckoSkyline,IOPS_175,5394,0.0
earthgeckoSkyline,IOPS_175,5395,0.0
earthgeckoSkyline,IOPS_175,5396,0.0
earthgeckoSkyline,IOPS_175,5397,0.0
earthgeckoSkyline,IOPS_175,5398,0.0
earthgeckoSkyline,IOPS_175,5399,0.0
earthgeckoSkyline,IOPS_175,5400,0.0
earthgeckoSkyline,IOPS_175,5401,0.0
earthgeckoSkyline,IOPS_175,5402,0.0
earthgeckoSkyline,IOPS_175,5403,0.0
earthgeckoSkyline,IOPS_175,5404,0.0
earthgeckoSkyline,IOPS_175,5405,0.0
earthgeckoSkyline,IOPS_175,5406,0.0
earthgeckoSkyline,IOPS_175,5407,0.0
earthgeckoSkyline,IOPS_175,5408,0.0
earthgeckoSkyline,IOPS_175,5409,0.0
earthgeckoSkyline,IOPS_175,5410,0.0
earthgeckoSkyline,IOPS_175,5411,0.0
earthgeckoSkyline,IOPS_175,5412,0.0
earthgeckoSkyline,IOPS_175,5413,0.0
earthgeckoSkyline,IOPS_175,5414,0.0
earthgeckoSkyline,IOPS_175,5415,0.0
earthgeckoSkyline,IOPS_175,5416,0.0
earthgeckoSkyline,IOPS_175,5417,0.0
earthgeckoSkyline,IOPS_175,5418,0.0
earthgeckoSkyline,IOPS_175,5419,0.0
earthgeckoSkyline,IOPS_175,5420,0.0
earthgeckoSkyline,IOPS_175,5421,0.0
earthgeckoSkyline,IOPS_175,5422,0.0
earthgeckoSkyline,IOPS_175,5423,0.0
earthgeckoSkyline,IOPS_175,5424,0.0
earthgeckoSkyline,IOPS_175,5425,0.0
earthgeckoSkyline,IOPS_175,5426,0.0
earthgeckoSkyline,IOPS_175,5427,0.0
earthgeckoSkyline,IOPS_175,5428,0.0
earthgeckoSkyline,IOPS_175,5429,0.0
earthgeckoSkyline,IOPS_175,5430,0.0
earthgeckoSkyline,IOPS_175,5431,0.0
earthgeckoSkyline,IOPS_175,5432,0.0
earthgeckoSkyline,IOPS_175,5433,0.0
earthgeckoSkyline,IOPS_175,5434,0.0
earthgeckoSkyline,IOPS_175,5435,0.0
earthgeckoSkyline,IOPS_175,5436,0.0
earthgeckoSkyline,IOPS_175,5437,0.0
earthgeckoSkyline,IOPS_175,5438,0.0
earthgeckoSkyline,IOPS_175,5439,0.0
earthgeckoSkyline,IOPS_175,5440,0.0
earthgeckoSkyline,IOPS_175,5441,0.0
earthgeckoSkyline,IOPS_175,5442,0.0
earthgeckoSkyline,IOPS_175,5443,0.0
earthgeckoSkyline,IOPS_175,5444,0.0
earthgeckoSkyline,IOPS_175,5445,0.0
earthgeckoSkyline,IOPS_175,5446,0.0
earthgeckoSkyline,IOPS_175,5447,0.0
earthgeckoSkyline,IOPS_175,5448,0.0
earthgeckoSkyline,IOPS_175,5449,0.0
earthgeckoSkyline,IOPS_175,5450,0.0
earthgeckoSkyline,IOPS_175,5451,0.0
earthgeckoSkyline,IOPS_175,5452,0.0
earthgeckoSkyline,IOPS_175,5453,0.0
earthgeckoSkyline,IOPS_175,5454,0.0
earthgeckoSkyline,IOPS_175,5455,0.0
earthgeckoSkyline,IOPS_175,5456,0.0
earthgeckoSkyline,IOPS_175,5457,0.0
earthgeckoSkyline,IOPS_175,5458,0.0
earthgeckoSkyline,IOPS_175,5459,0.0
earthgeckoSkyline,IOPS_175,5460,0.0
earthgeckoSkyline,IOPS_175,5461,0.0
earthgeckoSkyline,IOPS_175,5462,0.0
earthgeckoSkyline,IOPS_175,5463,0.0
earthgeckoSkyline,IOPS_175,5464,0.0
earthgeckoSkyline,IOPS_175,5465,0.0
earthgeckoSkyline,IOPS_175,5466,0.0
earthgeckoSkyline,IOPS_175,5467,0.0
earthgeckoSkyline,IOPS_175,5468,0.0
earthgeckoSkyline,IOPS_175,5469,0.0
earthgeckoSkyline,IOPS_175,5470,0.0
earthgeckoSkyline,IOPS_175,5471,0.0
earthgeckoSkyline,IOPS_175,5472,0.0
earthgeckoSkyline,IOPS_175,5473,0.0
earthgeckoSkyline,IOPS_175,5474,0.0
earthgeckoSkyline,IOPS_175,5475,0.0
earthgeckoSkyline,IOPS_175,5476,0.0
earthgeckoSkyline,IOPS_175,5477,0.0
earthgeckoSkyline,IOPS_175,5478,0.0
earthgeckoSkyline,IOPS_175,5479,0.0
earthgeckoSkyline,IOPS_175,5480,0.0
earthgeckoSkyline,IOPS_175,5481,0.0
earthgeckoSkyline,IOPS_175,5482,0.0
earthgeckoSkyline,IOPS_175,5483,0.0
earthgeckoSkyline,IOPS_175,5484,0.0
earthgeckoSkyline,IOPS_175,5485,0.0
earthgeckoSkyline,IOPS_175,5486,0.0
earthgeckoSkyline,IOPS_175,5487,0.0
earthgeckoSkyline,IOPS_175,5488,0.0
earthgeckoSkyline,IOPS_175,5489,0.0
earthgeckoSkyline,IOPS_175,5490,0.0
earthgeckoSkyline,IOPS_175,5491,0.0
earthgeckoSkyline,IOPS_175,5492,0.0
earthgeckoSkyline,IOPS_175,5493,0.0
earthgeckoSkyline,IOPS_175,5494,0.0
earthgeckoSkyline,IOPS_175,5495,0.0
earthgeckoSkyline,IOPS_175,5496,0.0
earthgeckoSkyline,IOPS_175,5497,0.0
earthgeckoSkyline,IOPS_175,5498,0.0
earthgeckoSkyline,IOPS_175,5499,0.0
earthgeckoSkyline,IOPS_175,5500,0.0
earthgeckoSkyline,IOPS_175,5501,0.0
earthgeckoSkyline,IOPS_175,5502,0.0
earthgeckoSkyline,IOPS_175,5503,0.0
earthgeckoSkyline,IOPS_175,5504,0.0
earthgeckoSkyline,IOPS_175,5505,0.0
earthgeckoSkyline,IOPS_175,5506,0.0
earthgeckoSkyline,IOPS_175,5507,0.0
earthgeckoSkyline,IOPS_175,5508,0.0
earthgeckoSkyline,IOPS_175,5509,0.0
earthgeckoSkyline,IOPS_175,5510,0.0
earthgeckoSkyline,IOPS_175,5511,0.0
earthgeckoSkyline,IOPS_175,5512,0.0
earthgeckoSkyline,IOPS_175,5513,0.0
earthgeckoSkyline,IOPS_175,5514,0.0
earthgeckoSkyline,IOPS_175,5515,0.0
earthgeckoSkyline,IOPS_175,5516,0.0
earthgeckoSkyline,IOPS_175,5517,0.0
earthgeckoSkyline,IOPS_175,5518,0.0
earthgeckoSkyline,IOPS_175,5519,0.0
earthgeckoSkyline,IOPS_175,5520,0.0
earthgeckoSkyline,IOPS_175,5521,0.0
earthgeckoSkyline,IOPS_175,5522,0.0
earthgeckoSkyline,IOPS_175,5523,0.0
earthgeckoSkyline,IOPS_175,5524,0.0
earthgeckoSkyline,IOPS_175,5525,0.0
earthgeckoSkyline,IOPS_175,5526,0.0
earthgeckoSkyline,IOPS_175,5527,0.0
earthgeckoSkyline,IOPS_175,5528,0.0
earthgeckoSkyline,IOPS_175,5529,0.0
earthgeckoSkyline,IOPS_175,5530,0.0
earthgeckoSkyline,IOPS_175,5531,0.0
earthgeckoSkyline,IOPS_175,5532,0.0
earthgeckoSkyline,IOPS_175,5533,0.0
earthgeckoSkyline,IOPS_175,5534,0.0
earthgeckoSkyline,IOPS_175,5535,0.0
earthgeckoSkyline,IOPS_175,5536,0.0
earthgeckoSkyline,IOPS_175,5537,0.0
earthgeckoSkyline,IOPS_175,5538,0.0
earthgeckoSkyline,IOPS_175,5539,0.0
earthgeckoSkyline,IOPS_175,5540,0.0
earthgeckoSkyline,IOPS_175,5541,0.0
earthgeckoSkyline,IOPS_175,5542,0.0
earthgeckoSkyline,IOPS_175,5543,0.0
earthgeckoSkyline,IOPS_175,5544,0.0
earthgeckoSkyline,IOPS_175,5545,0.0
earthgeckoSkyline,IOPS_175,5546,0.0
earthgeckoSkyline,IOPS_175,5547,0.0
earthgeckoSkyline,IOPS_175,5548,0.0
earthgeckoSkyline,IOPS_175,5549,0.0
earthgeckoSkyline,IOPS_175,5550,0.0
earthgeckoSkyline,IOPS_175,5551,0.0
earthgeckoSkyline,IOPS_175,5552,0.0
earthgeckoSkyline,IOPS_175,5553,0.0
earthgeckoSkyline,IOPS_175,5554,0.0
earthgeckoSkyline,IOPS_175,5555,0.0
earthgeckoSkyline,IOPS_175,5556,0.0
earthgeckoSkyline,IOPS_175,5557,0.0
earthgeckoSkyline,IOPS_175,5558,0.0
earthgeckoSkyline,IOPS_175,5559,0.0
earthgeckoSkyline,IOPS_175,5560,0.0
earthgeckoSkyline,IOPS_175,5561,0.0
earthgeckoSkyline,IOPS_175,5562,0.0
earthgeckoSkyline,IOPS_175,5563,0.0
earthgeckoSkyline,IOPS_175,5564,0.0
earthgeckoSkyline,IOPS_175,5565,0.0
earthgeckoSkyline,IOPS_175,5566,0.0
earthgeckoSkyline,IOPS_175,5567,0.0
earthgeckoSkyline,IOPS_175,5568,0.0
earthgeckoSkyline,IOPS_175,5569,0.0
earthgeckoSkyline,IOPS_175,5570,0.0
earthgeckoSkyline,IOPS_175,5571,0.0
earthgeckoSkyline,IOPS_175,5572,0.0
earthgeckoSkyline,IOPS_175,5573,0.0
earthgeckoSkyline,IOPS_175,5574,0.0
earthgeckoSkyline,IOPS_175,5575,0.0
earthgeckoSkyline,IOPS_175,5576,0.0
earthgeckoSkyline,IOPS_175,5577,0.0
earthgeckoSkyline,IOPS_175,5578,0.0
earthgeckoSkyline,IOPS_175,5579,0.0
earthgeckoSkyline,IOPS_175,5580,0.0
earthgeckoSkyline,IOPS_175,5581,0.0
earthgeckoSkyline,IOPS_175,5582,0.0
earthgeckoSkyline,IOPS_175,5583,0.0
earthgeckoSkyline,IOPS_175,5584,0.0
earthgeckoSkyline,IOPS_175,5585,0.0
earthgeckoSkyline,IOPS_175,5586,0.0
earthgeckoSkyline,IOPS_175,5587,0.0
earthgeckoSkyline,IOPS_175,5588,0.0
earthgeckoSkyline,IOPS_175,5589,0.0
earthgeckoSkyline,IOPS_175,5590,0.0
earthgeckoSkyline,IOPS_175,5591,0.0
earthgeckoSkyline,IOPS_175,5592,0.0
earthgeckoSkyline,IOPS_175,5593,0.0
earthgeckoSkyline,IOPS_175,5594,0.0
earthgeckoSkyline,IOPS_175,5595,0.0
earthgeckoSkyline,IOPS_175,5596,0.0
earthgeckoSkyline,IOPS_175,5597,0.0
earthgeckoSkyline,IOPS_175,5598,0.0
earthgeckoSkyline,IOPS_175,5599,0.0
earthgeckoSkyline,IOPS_175,5600,0.0
earthgeckoSkyline,IOPS_175,5601,0.0
earthgeckoSkyline,IOPS_175,5602,0.0
earthgeckoSkyline,IOPS_175,5603,0.0
earthgeckoSkyline,IOPS_175,5604,0.0
earthgeckoSkyline,IOPS_175,5605,0.0
earthgeckoSkyline,IOPS_175,5606,0.0
earthgeckoSkyline,IOPS_175,5607,0.0
earthgeckoSkyline,IOPS_175,5608,0.0
earthgeckoSkyline,IOPS_175,5609,0.0
earthgeckoSkyline,IOPS_175,5610,0.0
earthgeckoSkyline,IOPS_175,5611,0.0
earthgeckoSkyline,IOPS_175,5612,0.0
earthgeckoSkyline,IOPS_175,5613,0.0
earthgeckoSkyline,IOPS_175,5614,0.0
earthgeckoSkyline,IOPS_175,5615,0.0
earthgeckoSkyline,IOPS_175,5616,0.0
earthgeckoSkyline,IOPS_175,5617,0.0
earthgeckoSkyline,IOPS_175,5618,0.0
earthgeckoSkyline,IOPS_175,5619,0.0
earthgeckoSkyline,IOPS_175,5620,0.0
earthgeckoSkyline,IOPS_175,5621,0.0
earthgeckoSkyline,IOPS_175,5622,0.0
earthgeckoSkyline,IOPS_175,5623,0.0
earthgeckoSkyline,IOPS_175,5624,0.0
earthgeckoSkyline,IOPS_175,5625,0.0
earthgeckoSkyline,IOPS_175,5626,0.0
earthgeckoSkyline,IOPS_175,5627,0.0
earthgeckoSkyline,IOPS_175,5628,0.0
earthgeckoSkyline,IOPS_175,5629,0.0
earthgeckoSkyline,IOPS_175,5630,0.0
earthgeckoSkyline,IOPS_175,5631,0.0
earthgeckoSkyline,IOPS_175,5632,0.0
earthgeckoSkyline,IOPS_175,5633,0.0
earthgeckoSkyline,IOPS_175,5634,0.0
earthgeckoSkyline,IOPS_175,5635,0.0
earthgeckoSkyline,IOPS_175,5636,0.0
earthgeckoSkyline,IOPS_175,5637,0.0
earthgeckoSkyline,IOPS_175,5638,0.0
earthgeckoSkyline,IOPS_175,5639,0.0
earthgeckoSkyline,IOPS_175,5640,0.0
earthgeckoSkyline,IOPS_175,5641,0.0
earthgeckoSkyline,IOPS_175,5642,0.0
earthgeckoSkyline,IOPS_175,5643,0.0
earthgeckoSkyline,IOPS_175,5644,0.0
earthgeckoSkyline,IOPS_175,5645,0.0
earthgeckoSkyline,IOPS_175,5646,0.0
earthgeckoSkyline,IOPS_175,5647,0.0
earthgeckoSkyline,IOPS_175,5648,0.0
earthgeckoSkyline,IOPS_175,5649,0.0
earthgeckoSkyline,IOPS_175,5650,0.0
earthgeckoSkyline,IOPS_175,5651,0.0
earthgeckoSkyline,IOPS_175,5652,0.0
earthgeckoSkyline,IOPS_175,5653,0.0
earthgeckoSkyline,IOPS_175,5654,0.0
earthgeckoSkyline,IOPS_175,5655,0.0
earthgeckoSkyline,IOPS_175,5656,0.0
earthgeckoSkyline,IOPS_175,5657,0.0
earthgeckoSkyline,IOPS_175,5658,0.0
earthgeckoSkyline,IOPS_175,5659,0.0
earthgeckoSkyline,IOPS_175,5660,0.0
earthgeckoSkyline,IOPS_175,5661,0.0
earthgeckoSkyline,IOPS_175,5662,0.0
earthgeckoSkyline,IOPS_175,5663,0.0
earthgeckoSkyline,IOPS_175,5664,0.0
earthgeckoSkyline,IOPS_175,5665,0.0
earthgeckoSkyline,IOPS_175,5666,0.0
earthgeckoSkyline,IOPS_175,5667,0.0
earthgeckoSkyline,IOPS_175,5668,0.0
earthgeckoSkyline,IOPS_175,5669,0.0
earthgeckoSkyline,IOPS_175,5670,0.0
earthgeckoSkyline,IOPS_175,5671,0.0
earthgeckoSkyline,IOPS_175,5672,0.0
earthgeckoSkyline,IOPS_175,5673,0.0
earthgeckoSkyline,IOPS_175,5674,0.0
earthgeckoSkyline,IOPS_175,5675,0.0
earthgeckoSkyline,IOPS_175,5676,0.0
earthgeckoSkyline,IOPS_175,5677,0.0
earthgeckoSkyline,IOPS_175,5678,0.0
earthgeckoSkyline,IOPS_175,5679,0.0
earthgeckoSkyline,IOPS_175,5680,0.0
earthgeckoSkyline,IOPS_175,5681,0.0
earthgeckoSkyline,IOPS_175,5682,0.0
earthgeckoSkyline,IOPS_175,5683,0.0
earthgeckoSkyline,IOPS_175,5684,0.0
earthgeckoSkyline,IOPS_175,5685,0.0
earthgeckoSkyline,IOPS_175,5686,0.0
earthgeckoSkyline,IOPS_175,5687,0.0
earthgeckoSkyline,IOPS_175,5688,0.0
earthgeckoSkyline,IOPS_175,5689,0.0
earthgeckoSkyline,IOPS_175,5690,0.0
earthgeckoSkyline,IOPS_175,5691,0.0
earthgeckoSkyline,IOPS_175,5692,0.0
earthgeckoSkyline,IOPS_175,5693,0.0
earthgeckoSkyline,IOPS_175,5694,0.0
earthgeckoSkyline,IOPS_175,5695,0.0
earthgeckoSkyline,IOPS_175,5696,0.0
earthgeckoSkyline,IOPS_175,5697,0.0
earthgeckoSkyline,IOPS_175,5698,0.0
earthgeckoSkyline,IOPS_175,5699,0.0
earthgeckoSkyline,IOPS_175,5700,0.0
earthgeckoSkyline,IOPS_175,5701,0.0
earthgeckoSkyline,IOPS_175,5702,0.0
earthgeckoSkyline,IOPS_175,5703,0.0
earthgeckoSkyline,IOPS_175,5704,0.0
earthgeckoSkyline,IOPS_175,5705,0.0
earthgeckoSkyline,IOPS_175,5706,0.0
earthgeckoSkyline,IOPS_175,5707,0.0
earthgeckoSkyline,IOPS_175,5708,0.0
earthgeckoSkyline,IOPS_175,5709,0.0
earthgeckoSkyline,IOPS_175,5710,0.0
earthgeckoSkyline,IOPS_175,5711,0.0
earthgeckoSkyline,IOPS_175,5712,0.0
earthgeckoSkyline,IOPS_175,5713,0.0
earthgeckoSkyline,IOPS_175,5714,0.0
earthgeckoSkyline,IOPS_175,5715,0.0
earthgeckoSkyline,IOPS_175,5716,0.0
earthgeckoSkyline,IOPS_175,5717,0.0
earthgeckoSkyline,IOPS_175,5718,0.0
earthgeckoSkyline,IOPS_175,5719,0.0
earthgeckoSkyline,IOPS_175,5720,0.0
earthgeckoSkyline,IOPS_175,5721,0.0
earthgeckoSkyline,IOPS_175,5722,0.0
earthgeckoSkyline,IOPS_175,5723,0.0
earthgeckoSkyline,IOPS_175,5724,0.0
earthgeckoSkyline,IOPS_175,5725,0.0
earthgeckoSkyline,IOPS_175,5726,0.0
earthgeckoSkyline,IOPS_175,5727,0.0
earthgeckoSkyline,IOPS_175,5728,0.0
earthgeckoSkyline,IOPS_175,5729,0.0
earthgeckoSkyline,IOPS_175,5730,0.0
earthgeckoSkyline,IOPS_175,5731,0.0
earthgeckoSkyline,IOPS_175,5732,0.0
earthgeckoSkyline,IOPS_175,5733,0.0
earthgeckoSkyline,IOPS_175,5734,0.0
earthgeckoSkyline,IOPS_175,5735,0.0
earthgeckoSkyline,IOPS_175,5736,0.0
earthgeckoSkyline,IOPS_175,5737,0.0
earthgeckoSkyline,IOPS_175,5738,0.0
earthgeckoSkyline,IOPS_175,5739,0.0
earthgeckoSkyline,IOPS_175,5740,0.0
earthgeckoSkyline,IOPS_175,5741,0.0
earthgeckoSkyline,IOPS_175,5742,0.0
earthgeckoSkyline,IOPS_175,5743,0.0
earthgeckoSkyline,IOPS_175,5744,0.0
earthgeckoSkyline,IOPS_175,5745,0.0
earthgeckoSkyline,IOPS_175,5746,0.0
earthgeckoSkyline,IOPS_175,5747,0.0
earthgeckoSkyline,IOPS_175,5748,0.0
earthgeckoSkyline,IOPS_175,5749,0.0
earthgeckoSkyline,IOPS_175,5750,0.0
earthgeckoSkyline,IOPS_175,5751,0.0
earthgeckoSkyline,IOPS_175,5752,0.0
earthgeckoSkyline,IOPS_175,5753,0.0
earthgeckoSkyline,IOPS_175,5754,0.0
earthgeckoSkyline,IOPS_175,5755,0.0
earthgeckoSkyline,IOPS_175,5756,0.0
earthgeckoSkyline,IOPS_175,5757,0.0
earthgeckoSkyline,IOPS_175,5758,0.0
earthgeckoSkyline,IOPS_175,5759,0.0
earthgeckoSkyline,IOPS_175,5760,0.0
earthgeckoSkyline,IOPS_175,5761,0.0
earthgeckoSkyline,IOPS_175,5762,0.0
earthgeckoSkyline,IOPS_175,5763,0.0
earthgeckoSkyline,IOPS_175,5764,0.0
earthgeckoSkyline,IOPS_175,5765,0.0
earthgeckoSkyline,IOPS_175,5766,0.0
earthgeckoSkyline,IOPS_175,5767,0.0
earthgeckoSkyline,IOPS_175,5768,0.0
earthgeckoSkyline,IOPS_175,5769,0.0
earthgeckoSkyline,IOPS_175,5770,0.0
earthgeckoSkyline,IOPS_175,5771,0.0
earthgeckoSkyline,IOPS_175,5772,0.0
earthgeckoSkyline,IOPS_175,5773,0.0
earthgeckoSkyline,IOPS_175,5774,0.0
earthgeckoSkyline,IOPS_175,5775,0.0
earthgeckoSkyline,IOPS_175,5776,0.0
earthgeckoSkyline,IOPS_175,5777,0.0
earthgeckoSkyline,IOPS_175,5778,0.0
earthgeckoSkyline,IOPS_175,5779,0.0
earthgeckoSkyline,IOPS_175,5780,0.0
earthgeckoSkyline,IOPS_175,5781,0.0
earthgeckoSkyline,IOPS_175,5782,0.0
earthgeckoSkyline,IOPS_175,5783,0.0
earthgeckoSkyline,IOPS_175,5784,0.0
earthgeckoSkyline,IOPS_175,5785,0.0
earthgeckoSkyline,IOPS_175,5786,0.0
earthgeckoSkyline,IOPS_175,5787,0.0
earthgeckoSkyline,IOPS_175,5788,0.0
earthgeckoSkyline,IOPS_175,5789,0.0
earthgeckoSkyline,IOPS_175,5790,0.0
earthgeckoSkyline,IOPS_175,5791,0.0
earthgeckoSkyline,IOPS_175,5792,0.0
earthgeckoSkyline,IOPS_175,5793,0.0
earthgeckoSkyline,IOPS_175,5794,0.0
earthgeckoSkyline,IOPS_175,5795,0.0
earthgeckoSkyline,IOPS_175,5796,0.0
earthgeckoSkyline,IOPS_175,5797,0.0
earthgeckoSkyline,IOPS_175,5798,0.0
earthgeckoSkyline,IOPS_175,5799,0.0
earthgeckoSkyline,IOPS_175,5800,0.0
earthgeckoSkyline,IOPS_175,5801,0.0
earthgeckoSkyline,IOPS_175,5802,0.0
earthgeckoSkyline,IOPS_175,5803,0.0
earthgeckoSkyline,IOPS_175,5804,0.0
earthgeckoSkyline,IOPS_175,5805,0.0
earthgeckoSkyline,IOPS_175,5806,0.0
earthgeckoSkyline,IOPS_175,5807,0.0
earthgeckoSkyline,IOPS_175,5808,0.0
earthgeckoSkyline,IOPS_175,5809,0.0
earthgeckoSkyline,IOPS_175,5810,0.0
earthgeckoSkyline,IOPS_175,5811,0.0
earthgeckoSkyline,IOPS_175,5812,0.0
earthgeckoSkyline,IOPS_175,5813,0.0
earthgeckoSkyline,IOPS_175,5814,0.0
earthgeckoSkyline,IOPS_175,5815,0.0
earthgeckoSkyline,IOPS_175,5816,0.0
earthgeckoSkyline,IOPS_175,5817,0.0
earthgeckoSkyline,IOPS_175,5818,0.0
earthgeckoSkyline,IOPS_175,5819,0.0
earthgeckoSkyline,IOPS_175,5820,0.0
earthgeckoSkyline,IOPS_175,5821,0.0
earthgeckoSkyline,IOPS_175,5822,0.0
earthgeckoSkyline,IOPS_175,5823,0.0
earthgeckoSkyline,IOPS_175,5824,0.0
earthgeckoSkyline,IOPS_175,5825,0.0
earthgeckoSkyline,IOPS_175,5826,0.0
earthgeckoSkyline,IOPS_175,5827,0.0
earthgeckoSkyline,IOPS_175,5828,0.0
earthgeckoSkyline,IOPS_175,5829,0.0
earthgeckoSkyline,IOPS_175,5830,0.0
earthgeckoSkyline,IOPS_175,5831,0.0
earthgeckoSkyline,IOPS_175,5832,0.0
earthgeckoSkyline,IOPS_175,5833,0.0
earthgeckoSkyline,IOPS_175,5834,0.0
earthgeckoSkyline,IOPS_175,5835,0.0
earthgeckoSkyline,IOPS_175,5836,0.0
earthgeckoSkyline,IOPS_175,5837,0.0
earthgeckoSkyline,IOPS_175,5838,0.0
earthgeckoSkyline,IOPS_175,5839,0.0
earthgeckoSkyline,IOPS_175,5840,0.0
earthgeckoSkyline,IOPS_175,5841,0.0
earthgeckoSkyline,IOPS_175,5842,0.0
earthgeckoSkyline,IOPS_175,5843,0.0
earthgeckoSkyline,IOPS_175,5844,0.0
earthgeckoSkyline,IOPS_175,5845,0.0
earthgeckoSkyline,IOPS_175,5846,0.0
earthgeckoSkyline,IOPS_175,5847,0.0
earthgeckoSkyline,IOPS_175,5848,0.0
earthgeckoSkyline,IOPS_175,5849,0.0
earthgeckoSkyline,IOPS_175,5850,0.0
earthgeckoSkyline,IOPS_175,5851,0.0
earthgeckoSkyline,IOPS_175,5852,0.0
earthgeckoSkyline,IOPS_175,5853,0.0
earthgeckoSkyline,IOPS_175,5854,0.0
earthgeckoSkyline,IOPS_175,5855,0.0
earthgeckoSkyline,IOPS_175,5856,0.0
earthgeckoSkyline,IOPS_175,5857,0.0
earthgeckoSkyline,IOPS_175,5858,0.0
earthgeckoSkyline,IOPS_175,5859,0.0
earthgeckoSkyline,IOPS_175,5860,0.0
earthgeckoSkyline,IOPS_175,5861,0.0
earthgeckoSkyline,IOPS_175,5862,0.0
earthgeckoSkyline,IOPS_175,5863,0.0
earthgeckoSkyline,IOPS_175,5864,0.0
earthgeckoSkyline,IOPS_175,5865,0.0
earthgeckoSkyline,IOPS_175,5866,0.0
earthgeckoSkyline,IOPS_175,5867,0.0
earthgeckoSkyline,IOPS_175,5868,0.0
earthgeckoSkyline,IOPS_175,5869,0.0
earthgeckoSkyline,IOPS_175,5870,0.0
earthgeckoSkyline,IOPS_175,5871,0.0
earthgeckoSkyline,IOPS_175,5872,0.0
earthgeckoSkyline,IOPS_175,5873,0.0
earthgeckoSkyline,IOPS_175,5874,0.0
earthgeckoSkyline,IOPS_175,5875,0.0
earthgeckoSkyline,IOPS_175,5876,0.0
earthgeckoSkyline,IOPS_175,5877,0.0
earthgeckoSkyline,IOPS_175,5878,0.0
earthgeckoSkyline,IOPS_175,5879,0.0
earthgeckoSkyline,IOPS_175,5880,0.0
earthgeckoSkyline,IOPS_175,5881,0.0
earthgeckoSkyline,IOPS_175,5882,0.0
earthgeckoSkyline,IOPS_175,5883,0.0
earthgeckoSkyline,IOPS_175,5884,0.0
earthgeckoSkyline,IOPS_175,5885,0.0
earthgeckoSkyline,IOPS_175,5886,0.0
earthgeckoSkyline,IOPS_175,5887,0.0
earthgeckoSkyline,IOPS_175,5888,0.0
earthgeckoSkyline,IOPS_175,5889,0.0
earthgeckoSkyline,IOPS_175,5890,0.0
earthgeckoSkyline,IOPS_175,5891,0.0
earthgeckoSkyline,IOPS_175,5892,0.0
earthgeckoSkyline,IOPS_175,5893,0.0
earthgeckoSkyline,IOPS_175,5894,0.0
earthgeckoSkyline,IOPS_175,5895,0.0
earthgeckoSkyline,IOPS_175,5896,0.0
earthgeckoSkyline,IOPS_175,5897,0.0
earthgeckoSkyline,IOPS_175,5898,0.0
earthgeckoSkyline,IOPS_175,5899,0.0
earthgeckoSkyline,IOPS_175,5900,0.0
earthgeckoSkyline,IOPS_175,5901,0.0
earthgeckoSkyline,IOPS_175,5902,0.0
earthgeckoSkyline,IOPS_175,5903,0.0
earthgeckoSkyline,IOPS_175,5904,0.0
earthgeckoSkyline,IOPS_175,5905,0.0
earthgeckoSkyline,IOPS_175,5906,0.0
earthgeckoSkyline,IOPS_175,5907,0.0
earthgeckoSkyline,IOPS_175,5908,0.0
earthgeckoSkyline,IOPS_175,5909,0.0
earthgeckoSkyline,IOPS_175,5910,0.0
earthgeckoSkyline,IOPS_175,5911,0.0
earthgeckoSkyline,IOPS_175,5912,0.0
earthgeckoSkyline,IOPS_175,5913,0.0
earthgeckoSkyline,IOPS_175,5914,0.0
earthgeckoSkyline,IOPS_175,5915,0.0
earthgeckoSkyline,IOPS_175,5916,0.0
earthgeckoSkyline,IOPS_175,5917,0.0
earthgeckoSkyline,IOPS_175,5918,0.0
earthgeckoSkyline,IOPS_175,5919,0.0
earthgeckoSkyline,IOPS_175,5920,0.0
earthgeckoSkyline,IOPS_175,5921,0.0
earthgeckoSkyline,IOPS_175,5922,0.0
earthgeckoSkyline,IOPS_175,5923,0.0
earthgeckoSkyline,IOPS_175,5924,0.0
earthgeckoSkyline,IOPS_175,5925,0.0
earthgeckoSkyline,IOPS_175,5926,0.0
earthgeckoSkyline,IOPS_175,5927,0.0
earthgeckoSkyline,IOPS_175,5928,0.0
earthgeckoSkyline,IOPS_175,5929,0.0
earthgeckoSkyline,IOPS_175,5930,0.0
earthgeckoSkyline,IOPS_175,5931,0.0
earthgeckoSkyline,IOPS_175,5932,0.0
earthgeckoSkyline,IOPS_175,5933,0.0
earthgeckoSkyline,IOPS_175,5934,0.0
earthgeckoSkyline,IOPS_175,5935,0.0
earthgeckoSkyline,IOPS_175,5936,0.0
earthgeckoSkyline,IOPS_175,5937,0.0
earthgeckoSkyline,IOPS_175,5938,0.0
earthgeckoSkyline,IOPS_175,5939,0.0
earthgeckoSkyline,IOPS_175,5940,0.0
earthgeckoSkyline,IOPS_175,5941,0.0
earthgeckoSkyline,IOPS_175,5942,0.0
earthgeckoSkyline,IOPS_175,5943,0.0
earthgeckoSkyline,IOPS_175,5944,0.0
earthgeckoSkyline,IOPS_175,5945,0.0
earthgeckoSkyline,IOPS_175,5946,0.0
earthgeckoSkyline,IOPS_175,5947,0.0
earthgeckoSkyline,IOPS_175,5948,0.0
earthgeckoSkyline,IOPS_175,5949,0.0
earthgeckoSkyline,IOPS_175,5950,0.0
earthgeckoSkyline,IOPS_175,5951,0.0
earthgeckoSkyline,IOPS_175,5952,0.0
earthgeckoSkyline,IOPS_175,5953,0.0
earthgeckoSkyline,IOPS_175,5954,0.0
earthgeckoSkyline,IOPS_175,5955,0.0
earthgeckoSkyline,IOPS_175,5956,0.0
earthgeckoSkyline,IOPS_175,5957,0.0
earthgeckoSkyline,IOPS_175,5958,0.0
earthgeckoSkyline,IOPS_175,5959,0.0
earthgeckoSkyline,IOPS_175,5960,0.0
earthgeckoSkyline,IOPS_175,5961,0.0
earthgeckoSkyline,IOPS_175,5962,0.0
earthgeckoSkyline,IOPS_175,5963,0.0
earthgeckoSkyline,IOPS_175,5964,0.0
earthgeckoSkyline,IOPS_175,5965,0.0
earthgeckoSkyline,IOPS_175,5966,0.0
earthgeckoSkyline,IOPS_175,5967,0.0
earthgeckoSkyline,IOPS_175,5968,0.0
earthgeckoSkyline,IOPS_175,5969,0.0
earthgeckoSkyline,IOPS_175,5970,0.0
earthgeckoSkyline,IOPS_175,5971,0.0
earthgeckoSkyline,IOPS_175,5972,0.0
earthgeckoSkyline,IOPS_175,5973,0.0
earthgeckoSkyline,IOPS_175,5974,0.0
earthgeckoSkyline,IOPS_175,5975,0.0
earthgeckoSkyline,IOPS_175,5976,0.0
earthgeckoSkyline,IOPS_175,5977,0.0
earthgeckoSkyline,IOPS_175,5978,0.0
earthgeckoSkyline,IOPS_175,5979,0.0
earthgeckoSkyline,IOPS_175,5980,0.0
earthgeckoSkyline,IOPS_175,5981,0.0
earthgeckoSkyline,IOPS_175,5982,0.0
earthgeckoSkyline,IOPS_175,5983,0.0
earthgeckoSkyline,IOPS_175,5984,0.0
earthgeckoSkyline,IOPS_175,5985,0.0
earthgeckoSkyline,IOPS_175,5986,0.0
earthgeckoSkyline,IOPS_175,5987,0.0
earthgeckoSkyline,IOPS_175,5988,0.0
earthgeckoSkyline,IOPS_175,5989,0.0
earthgeckoSkyline,IOPS_175,5990,0.0
earthgeckoSkyline,IOPS_175,5991,0.0
earthgeckoSkyline,IOPS_175,5992,0.0
earthgeckoSkyline,IOPS_175,5993,0.0
earthgeckoSkyline,IOPS_175,5994,0.0
earthgeckoSkyline,IOPS_175,5995,0.0
earthgeckoSkyline,IOPS_175,5996,0.0
earthgeckoSkyline,IOPS_175,5997,0.0
earthgeckoSkyline,IOPS_175,5998,0.0
earthgeckoSkyline,IOPS_175,5999,0.0
earthgeckoSkyline,IOPS_175,6000,0.0
earthgeckoSkyline,IOPS_175,6001,0.0
earthgeckoSkyline,IOPS_175,6002,0.0
earthgeckoSkyline,IOPS_175,6003,0.0
earthgeckoSkyline,IOPS_175,6004,0.0
earthgeckoSkyline,IOPS_175,6005,0.0
earthgeckoSkyline,IOPS_175,6006,0.0
earthgeckoSkyline,IOPS_175,6007,0.0
earthgeckoSkyline,IOPS_175,6008,0.0
earthgeckoSkyline,IOPS_175,6009,0.0
earthgeckoSkyline,IOPS_175,6010,0.0
earthgeckoSkyline,IOPS_175,6011,0.0
earthgeckoSkyline,IOPS_175,6012,0.0
earthgeckoSkyline,IOPS_175,6013,0.0
earthgeckoSkyline,IOPS_175,6014,0.0
earthgeckoSkyline,IOPS_175,6015,0.0
earthgeckoSkyline,IOPS_175,6016,0.0
earthgeckoSkyline,IOPS_175,6017,0.0
earthgeckoSkyline,IOPS_175,6018,0.0
earthgeckoSkyline,IOPS_175,6019,0.0
earthgeckoSkyline,IOPS_175,6020,0.0
earthgeckoSkyline,IOPS_175,6021,0.0
earthgeckoSkyline,IOPS_175,6022,0.0
earthgeckoSkyline,IOPS_175,6023,0.0
earthgeckoSkyline,IOPS_175,6024,0.0
earthgeckoSkyline,IOPS_175,6025,0.0
earthgeckoSkyline,IOPS_175,6026,0.0
earthgeckoSkyline,IOPS_175,6027,0.0
earthgeckoSkyline,IOPS_175,6028,0.0
earthgeckoSkyline,IOPS_175,6029,0.0
earthgeckoSkyline,IOPS_175,6030,0.0
earthgeckoSkyline,IOPS_175,6031,0.0
earthgeckoSkyline,IOPS_175,6032,0.0
earthgeckoSkyline,IOPS_175,6033,0.0
earthgeckoSkyline,IOPS_175,6034,0.0
earthgeckoSkyline,IOPS_175,6035,0.0
earthgeckoSkyline,IOPS_175,6036,0.0
earthgeckoSkyline,IOPS_175,6037,0.0
earthgeckoSkyline,IOPS_175,6038,0.0
earthgeckoSkyline,IOPS_175,6039,0.0
earthgeckoSkyline,IOPS_175,6040,0.0
earthgeckoSkyline,IOPS_175,6041,0.0
earthgeckoSkyline,IOPS_175,6042,0.0
earthgeckoSkyline,IOPS_175,6043,0.0
earthgeckoSkyline,IOPS_175,6044,0.0
earthgeckoSkyline,IOPS_175,6045,0.0
earthgeckoSkyline,IOPS_175,6046,0.0
earthgeckoSkyline,IOPS_175,6047,0.0
earthgeckoSkyline,IOPS_175,6048,0.0
earthgeckoSkyline,IOPS_175,6049,0.0
earthgeckoSkyline,IOPS_175,6050,0.0
earthgeckoSkyline,IOPS_175,6051,0.0
earthgeckoSkyline,IOPS_175,6052,0.0
earthgeckoSkyline,IOPS_175,6053,0.0
earthgeckoSkyline,IOPS_175,6054,0.0
earthgeckoSkyline,IOPS_175,6055,0.0
earthgeckoSkyline,IOPS_175,6056,0.0
earthgeckoSkyline,IOPS_175,6057,0.0
earthgeckoSkyline,IOPS_175,6058,0.0
earthgeckoSkyline,IOPS_175,6059,0.0
earthgeckoSkyline,IOPS_175,6060,0.0
earthgeckoSkyline,IOPS_175,6061,0.0
earthgeckoSkyline,IOPS_175,6062,0.0
earthgeckoSkyline,IOPS_175,6063,0.0
earthgeckoSkyline,IOPS_175,6064,0.0
earthgeckoSkyline,IOPS_175,6065,0.0
earthgeckoSkyline,IOPS_175,6066,0.0
earthgeckoSkyline,IOPS_175,6067,0.0
earthgeckoSkyline,IOPS_175,6068,0.0
earthgeckoSkyline,IOPS_175,6069,0.0
earthgeckoSkyline,IOPS_175,6070,0.0
earthgeckoSkyline,IOPS_175,6071,0.0
earthgeckoSkyline,IOPS_175,6072,0.0
earthgeckoSkyline,IOPS_175,6073,0.0
earthgeckoSkyline,IOPS_175,6074,0.0
earthgeckoSkyline,IOPS_175,6075,0.0
earthgeckoSkyline,IOPS_175,6076,0.0
earthgeckoSkyline,IOPS_175,6077,0.0
earthgeckoSkyline,IOPS_175,6078,0.0
earthgeckoSkyline,IOPS_175,6079,0.0
earthgeckoSkyline,IOPS_175,6080,0.0
earthgeckoSkyline,IOPS_175,6081,0.0
earthgeckoSkyline,IOPS_175,6082,0.0
earthgeckoSkyline,IOPS_175,6083,0.0
earthgeckoSkyline,IOPS_175,6084,0.0
earthgeckoSkyline,IOPS_175,6085,0.0
earthgeckoSkyline,IOPS_175,6086,0.0
earthgeckoSkyline,IOPS_175,6087,0.0
earthgeckoSkyline,IOPS_175,6088,0.0
earthgeckoSkyline,IOPS_175,6089,0.0
earthgeckoSkyline,IOPS_175,6090,0.0
earthgeckoSkyline,IOPS_175,6091,0.0
earthgeckoSkyline,IOPS_175,6092,0.0
earthgeckoSkyline,IOPS_175,6093,0.0
earthgeckoSkyline,IOPS_175,6094,0.0
earthgeckoSkyline,IOPS_175,6095,0.0
earthgeckoSkyline,IOPS_175,6096,0.0
earthgeckoSkyline,IOPS_175,6097,0.0
earthgeckoSkyline,IOPS_175,6098,0.0
earthgeckoSkyline,IOPS_175,6099,0.0
earthgeckoSkyline,IOPS_175,6100,0.0
earthgeckoSkyline,IOPS_175,6101,0.0
earthgeckoSkyline,IOPS_175,6102,0.0
earthgeckoSkyline,IOPS_175,6103,0.0
earthgeckoSkyline,IOPS_175,6104,0.0
earthgeckoSkyline,IOPS_175,6105,0.0
earthgeckoSkyline,IOPS_175,6106,0.0
earthgeckoSkyline,IOPS_175,6107,0.0
earthgeckoSkyline,IOPS_175,6108,0.0
earthgeckoSkyline,IOPS_175,6109,0.0
earthgeckoSkyline,IOPS_175,6110,0.0
earthgeckoSkyline,IOPS_175,6111,0.0
earthgeckoSkyline,IOPS_175,6112,0.0
earthgeckoSkyline,IOPS_175,6113,0.0
earthgeckoSkyline,IOPS_175,6114,0.0
earthgeckoSkyline,IOPS_175,6115,0.0
earthgeckoSkyline,IOPS_175,6116,0.0
earthgeckoSkyline,IOPS_175,6117,0.0
earthgeckoSkyline,IOPS_175,6118,0.0
earthgeckoSkyline,IOPS_175,6119,0.0
earthgeckoSkyline,IOPS_175,6120,0.0
earthgeckoSkyline,IOPS_175,6121,0.0
earthgeckoSkyline,IOPS_175,6122,0.0
earthgeckoSkyline,IOPS_175,6123,0.0
earthgeckoSkyline,IOPS_175,6124,0.0
earthgeckoSkyline,IOPS_175,6125,0.0
earthgeckoSkyline,IOPS_175,6126,0.0
earthgeckoSkyline,IOPS_175,6127,0.0
earthgeckoSkyline,IOPS_175,6128,0.0
earthgeckoSkyline,IOPS_175,6129,0.0
earthgeckoSkyline,IOPS_175,6130,0.0
earthgeckoSkyline,IOPS_175,6131,0.0
earthgeckoSkyline,IOPS_175,6132,0.0
earthgeckoSkyline,IOPS_175,6133,0.0
earthgeckoSkyline,IOPS_175,6134,0.0
earthgeckoSkyline,IOPS_175,6135,0.0
earthgeckoSkyline,IOPS_175,6136,0.0
earthgeckoSkyline,IOPS_175,6137,0.0
earthgeckoSkyline,IOPS_175,6138,0.0
earthgeckoSkyline,IOPS_175,6139,0.0
earthgeckoSkyline,IOPS_175,6140,0.0
earthgeckoSkyline,IOPS_175,6141,0.0
earthgeckoSkyline,IOPS_175,6142,0.0
earthgeckoSkyline,IOPS_175,6143,0.0
earthgeckoSkyline,IOPS_175,6144,0.0
earthgeckoSkyline,IOPS_175,6145,0.0
earthgeckoSkyline,IOPS_175,6146,0.0
earthgeckoSkyline,IOPS_175,6147,0.0
earthgeckoSkyline,IOPS_175,6148,0.0
earthgeckoSkyline,IOPS_175,6149,0.0
earthgeckoSkyline,IOPS_175,6150,0.0
earthgeckoSkyline,IOPS_175,6151,0.0
earthgeckoSkyline,IOPS_175,6152,0.0
earthgeckoSkyline,IOPS_175,6153,0.0
earthgeckoSkyline,IOPS_175,6154,0.0
earthgeckoSkyline,IOPS_175,6155,0.0
earthgeckoSkyline,IOPS_175,6156,0.0
earthgeckoSkyline,IOPS_175,6157,0.0
earthgeckoSkyline,IOPS_175,6158,0.0
earthgeckoSkyline,IOPS_175,6159,0.0
earthgeckoSkyline,IOPS_175,6160,0.0
earthgeckoSkyline,IOPS_175,6161,0.0
earthgeckoSkyline,IOPS_175,6162,0.0
earthgeckoSkyline,IOPS_175,6163,0.0
earthgeckoSkyline,IOPS_175,6164,0.0
earthgeckoSkyline,IOPS_175,6165,0.0
earthgeckoSkyline,IOPS_175,6166,0.0
earthgeckoSkyline,IOPS_175,6167,0.0
earthgeckoSkyline,IOPS_175,6168,0.0
earthgeckoSkyline,IOPS_175,6169,0.0
earthgeckoSkyline,IOPS_175,6170,0.0
earthgeckoSkyline,IOPS_175,6171,0.0
earthgeckoSkyline,IOPS_175,6172,0.0
earthgeckoSkyline,IOPS_175,6173,0.0
earthgeckoSkyline,IOPS_175,6174,0.0
earthgeckoSkyline,IOPS_175,6175,0.0
earthgeckoSkyline,IOPS_175,6176,0.0
earthgeckoSkyline,IOPS_175,6177,0.0
earthgeckoSkyline,IOPS_175,6178,0.0
earthgeckoSkyline,IOPS_175,6179,0.0
earthgeckoSkyline,IOPS_175,6180,0.0
earthgeckoSkyline,IOPS_175,6181,0.0
earthgeckoSkyline,IOPS_175,6182,0.0
earthgeckoSkyline,IOPS_175,6183,0.0
earthgeckoSkyline,IOPS_175,6184,0.0
earthgeckoSkyline,IOPS_175,6185,0.0
earthgeckoSkyline,IOPS_175,6186,0.0
earthgeckoSkyline,IOPS_175,6187,0.0
earthgeckoSkyline,IOPS_175,6188,0.0
earthgeckoSkyline,IOPS_175,6189,0.0
earthgeckoSkyline,IOPS_175,6190,0.0
earthgeckoSkyline,IOPS_175,6191,0.0
earthgeckoSkyline,IOPS_175,6192,0.0
earthgeckoSkyline,IOPS_175,6193,0.0
earthgeckoSkyline,IOPS_175,6194,0.0
earthgeckoSkyline,IOPS_175,6195,0.0
earthgeckoSkyline,IOPS_175,6196,0.0
earthgeckoSkyline,IOPS_175,6197,0.0
earthgeckoSkyline,IOPS_175,6198,0.0
earthgeckoSkyline,IOPS_175,6199,0.0
earthgeckoSkyline,IOPS_175,6200,0.0
earthgeckoSkyline,IOPS_175,6201,0.0
earthgeckoSkyline,IOPS_175,6202,0.0
earthgeckoSkyline,IOPS_175,6203,0.0
earthgeckoSkyline,IOPS_175,6204,0.0
earthgeckoSkyline,IOPS_175,6205,0.0
earthgeckoSkyline,IOPS_175,6206,0.0
earthgeckoSkyline,IOPS_175,6207,0.0
earthgeckoSkyline,IOPS_175,6208,0.0
earthgeckoSkyline,IOPS_175,6209,0.0
earthgeckoSkyline,IOPS_175,6210,0.0
earthgeckoSkyline,IOPS_175,6211,0.0
earthgeckoSkyline,IOPS_175,6212,0.0
earthgeckoSkyline,IOPS_175,6213,0.0
earthgeckoSkyline,IOPS_175,6214,0.0
earthgeckoSkyline,IOPS_175,6215,0.0
earthgeckoSkyline,IOPS_175,6216,0.0
earthgeckoSkyline,IOPS_175,6217,0.0
earthgeckoSkyline,IOPS_175,6218,0.0
earthgeckoSkyline,IOPS_175,6219,0.0
earthgeckoSkyline,IOPS_175,6220,0.0
earthgeckoSkyline,IOPS_175,6221,0.0
earthgeckoSkyline,IOPS_175,6222,0.0
earthgeckoSkyline,IOPS_175,6223,0.0
earthgeckoSkyline,IOPS_175,6224,0.0
earthgeckoSkyline,IOPS_175,6225,0.0
earthgeckoSkyline,IOPS_175,6226,0.0
earthgeckoSkyline,IOPS_175,6227,0.0
earthgeckoSkyline,IOPS_175,6228,0.0
earthgeckoSkyline,IOPS_175,6229,0.0
earthgeckoSkyline,IOPS_175,6230,0.0
earthgeckoSkyline,IOPS_175,6231,0.0
earthgeckoSkyline,IOPS_175,6232,0.0
earthgeckoSkyline,IOPS_175,6233,0.0
earthgeckoSkyline,IOPS_175,6234,0.0
earthgeckoSkyline,IOPS_175,6235,0.0
earthgeckoSkyline,IOPS_175,6236,0.0
earthgeckoSkyline,IOPS_175,6237,0.0
earthgeckoSkyline,IOPS_175,6238,0.0
earthgeckoSkyline,IOPS_175,6239,0.0
earthgeckoSkyline,IOPS_175,6240,0.0
earthgeckoSkyline,IOPS_175,6241,0.0
earthgeckoSkyline,IOPS_175,6242,0.0
earthgeckoSkyline,IOPS_175,6243,0.0
earthgeckoSkyline,IOPS_175,6244,0.0
earthgeckoSkyline,IOPS_175,6245,0.0
earthgeckoSkyline,IOPS_175,6246,0.0
earthgeckoSkyline,IOPS_175,6247,0.0
earthgeckoSkyline,IOPS_175,6248,0.0
earthgeckoSkyline,IOPS_175,6249,0.0
earthgeckoSkyline,IOPS_175,6250,0.0
earthgeckoSkyline,IOPS_175,6251,0.0
earthgeckoSkyline,IOPS_175,6252,0.0
earthgeckoSkyline,IOPS_175,6253,0.0
earthgeckoSkyline,IOPS_175,6254,0.0
earthgeckoSkyline,IOPS_175,6255,0.0
earthgeckoSkyline,IOPS_175,6256,0.0
earthgeckoSkyline,IOPS_175,6257,0.0
earthgeckoSkyline,IOPS_175,6258,0.0
earthgeckoSkyline,IOPS_175,6259,0.0
earthgeckoSkyline,IOPS_175,6260,0.0
earthgeckoSkyline,IOPS_175,6261,0.0
earthgeckoSkyline,IOPS_175,6262,0.0
earthgeckoSkyline,IOPS_175,6263,0.0
earthgeckoSkyline,IOPS_175,6264,0.0
earthgeckoSkyline,IOPS_175,6265,0.0
earthgeckoSkyline,IOPS_175,6266,0.0
earthgeckoSkyline,IOPS_175,6267,0.0
earthgeckoSkyline,IOPS_175,6268,0.0
earthgeckoSkyline,IOPS_175,6269,0.0
earthgeckoSkyline,IOPS_175,6270,0.0
earthgeckoSkyline,IOPS_175,6271,0.0
earthgeckoSkyline,IOPS_175,6272,0.0
earthgeckoSkyline,IOPS_175,6273,0.0
earthgeckoSkyline,IOPS_175,6274,0.0
earthgeckoSkyline,IOPS_175,6275,0.0
earthgeckoSkyline,IOPS_175,6276,0.0
earthgeckoSkyline,IOPS_175,6277,0.0
earthgeckoSkyline,IOPS_175,6278,0.0
earthgeckoSkyline,IOPS_175,6279,0.0
earthgeckoSkyline,IOPS_175,6280,0.0
earthgeckoSkyline,IOPS_175,6281,0.0
earthgeckoSkyline,IOPS_175,6282,0.0
earthgeckoSkyline,IOPS_175,6283,0.0
earthgeckoSkyline,IOPS_175,6284,0.0
earthgeckoSkyline,IOPS_175,6285,0.0
earthgeckoSkyline,IOPS_175,6286,0.0
earthgeckoSkyline,IOPS_175,6287,0.0
earthgeckoSkyline,IOPS_175,6288,0.0
earthgeckoSkyline,IOPS_175,6289,0.0
earthgeckoSkyline,IOPS_175,6290,0.0
earthgeckoSkyline,IOPS_175,6291,0.0
earthgeckoSkyline,IOPS_175,6292,0.0
earthgeckoSkyline,IOPS_175,6293,0.0
earthgeckoSkyline,IOPS_175,6294,0.0
earthgeckoSkyline,IOPS_175,6295,0.0
earthgeckoSkyline,IOPS_175,6296,0.0
earthgeckoSkyline,IOPS_175,6297,0.0
earthgeckoSkyline,IOPS_175,6298,0.0
earthgeckoSkyline,IOPS_175,6299,0.0
earthgeckoSkyline,IOPS_175,6300,0.0
earthgeckoSkyline,IOPS_175,6301,0.0
earthgeckoSkyline,IOPS_175,6302,0.0
earthgeckoSkyline,IOPS_175,6303,0.0
earthgeckoSkyline,IOPS_175,6304,0.0
earthgeckoSkyline,IOPS_175,6305,0.0
earthgeckoSkyline,IOPS_175,6306,0.0
earthgeckoSkyline,IOPS_175,6307,0.0
earthgeckoSkyline,IOPS_175,6308,0.0
earthgeckoSkyline,IOPS_175,6309,0.0
earthgeckoSkyline,IOPS_175,6310,0.0
earthgeckoSkyline,IOPS_175,6311,0.0
earthgeckoSkyline,IOPS_175,6312,0.0
earthgeckoSkyline,IOPS_175,6313,0.0
earthgeckoSkyline,IOPS_175,6314,0.0
earthgeckoSkyline,IOPS_175,6315,0.0
earthgeckoSkyline,IOPS_175,6316,0.0
earthgeckoSkyline,IOPS_175,6317,0.0
earthgeckoSkyline,IOPS_175,6318,0.0
earthgeckoSkyline,IOPS_175,6319,0.0
earthgeckoSkyline,IOPS_175,6320,0.0
earthgeckoSkyline,IOPS_175,6321,0.0
earthgeckoSkyline,IOPS_175,6322,0.0
earthgeckoSkyline,IOPS_175,6323,0.0
earthgeckoSkyline,IOPS_175,6324,0.0
earthgeckoSkyline,IOPS_175,6325,0.0
earthgeckoSkyline,IOPS_175,6326,0.0
earthgeckoSkyline,IOPS_175,6327,0.0
earthgeckoSkyline,IOPS_175,6328,0.0
earthgeckoSkyline,IOPS_175,6329,0.0
earthgeckoSkyline,IOPS_175,6330,0.0
earthgeckoSkyline,IOPS_175,6331,0.0
earthgeckoSkyline,IOPS_175,6332,0.0
earthgeckoSkyline,IOPS_175,6333,0.0
earthgeckoSkyline,IOPS_175,6334,0.0
earthgeckoSkyline,IOPS_175,6335,0.0
earthgeckoSkyline,IOPS_175,6336,0.0
earthgeckoSkyline,IOPS_175,6337,0.0
earthgeckoSkyline,IOPS_175,6338,0.0
earthgeckoSkyline,IOPS_175,6339,0.0
earthgeckoSkyline,IOPS_175,6340,0.0
earthgeckoSkyline,IOPS_175,6341,0.0
earthgeckoSkyline,IOPS_175,6342,0.0
earthgeckoSkyline,IOPS_175,6343,0.0
earthgeckoSkyline,IOPS_175,6344,0.0
earthgeckoSkyline,IOPS_175,6345,0.0
earthgeckoSkyline,IOPS_175,6346,0.0
earthgeckoSkyline,IOPS_175,6347,0.0
earthgeckoSkyline,IOPS_175,6348,0.0
earthgeckoSkyline,IOPS_175,6349,0.0
earthgeckoSkyline,IOPS_175,6350,0.0
earthgeckoSkyline,IOPS_175,6351,0.0
earthgeckoSkyline,IOPS_175,6352,0.0
earthgeckoSkyline,IOPS_175,6353,0.0
earthgeckoSkyline,IOPS_175,6354,0.0
earthgeckoSkyline,IOPS_175,6355,0.0
earthgeckoSkyline,IOPS_175,6356,0.0
earthgeckoSkyline,IOPS_175,6357,0.0
earthgeckoSkyline,IOPS_175,6358,0.0
earthgeckoSkyline,IOPS_175,6359,0.0
earthgeckoSkyline,IOPS_175,6360,0.0
earthgeckoSkyline,IOPS_175,6361,0.0
earthgeckoSkyline,IOPS_175,6362,0.0
earthgeckoSkyline,IOPS_175,6363,0.0
earthgeckoSkyline,IOPS_175,6364,0.0
earthgeckoSkyline,IOPS_175,6365,0.0
earthgeckoSkyline,IOPS_175,6366,0.0
earthgeckoSkyline,IOPS_175,6367,0.0
earthgeckoSkyline,IOPS_175,6368,0.0
earthgeckoSkyline,IOPS_175,6369,0.0
earthgeckoSkyline,IOPS_175,6370,0.0
earthgeckoSkyline,IOPS_175,6371,0.0
earthgeckoSkyline,IOPS_175,6372,0.0
earthgeckoSkyline,IOPS_175,6373,0.0
earthgeckoSkyline,IOPS_175,6374,0.0
earthgeckoSkyline,IOPS_175,6375,0.0
earthgeckoSkyline,IOPS_175,6376,0.0
earthgeckoSkyline,IOPS_175,6377,0.0
earthgeckoSkyline,IOPS_175,6378,0.0
earthgeckoSkyline,IOPS_175,6379,0.0
earthgeckoSkyline,IOPS_175,6380,0.0
earthgeckoSkyline,IOPS_175,6381,0.0
earthgeckoSkyline,IOPS_175,6382,0.0
earthgeckoSkyline,IOPS_175,6383,0.0
earthgeckoSkyline,IOPS_175,6384,0.0
earthgeckoSkyline,IOPS_175,6385,0.0
earthgeckoSkyline,IOPS_175,6386,0.0
earthgeckoSkyline,IOPS_175,6387,0.0
earthgeckoSkyline,IOPS_175,6388,0.0
earthgeckoSkyline,IOPS_175,6389,0.0
earthgeckoSkyline,IOPS_175,6390,0.0
earthgeckoSkyline,IOPS_175,6391,0.0
earthgeckoSkyline,IOPS_175,6392,0.0
earthgeckoSkyline,IOPS_175,6393,0.0
earthgeckoSkyline,IOPS_175,6394,0.0
earthgeckoSkyline,IOPS_175,6395,0.0
earthgeckoSkyline,IOPS_175,6396,0.0
earthgeckoSkyline,IOPS_175,6397,0.0
earthgeckoSkyline,IOPS_175,6398,0.0
earthgeckoSkyline,IOPS_175,6399,0.0
earthgeckoSkyline,IOPS_175,6400,0.0
earthgeckoSkyline,IOPS_175,6401,0.0
earthgeckoSkyline,IOPS_175,6402,0.0
earthgeckoSkyline,IOPS_175,6403,0.0
earthgeckoSkyline,IOPS_175,6404,0.0
earthgeckoSkyline,IOPS_175,6405,0.0
earthgeckoSkyline,IOPS_175,6406,0.0
earthgeckoSkyline,IOPS_175,6407,0.0
earthgeckoSkyline,IOPS_175,6408,0.0
earthgeckoSkyline,IOPS_175,6409,0.0
earthgeckoSkyline,IOPS_175,6410,0.0
earthgeckoSkyline,IOPS_175,6411,0.0
earthgeckoSkyline,IOPS_175,6412,0.0
earthgeckoSkyline,IOPS_175,6413,0.0
earthgeckoSkyline,IOPS_175,6414,0.0
earthgeckoSkyline,IOPS_175,6415,0.0
earthgeckoSkyline,IOPS_175,6416,0.0
earthgeckoSkyline,IOPS_175,6417,0.0
earthgeckoSkyline,IOPS_175,6418,0.0
earthgeckoSkyline,IOPS_175,6419,0.0
earthgeckoSkyline,IOPS_175,6420,0.0
earthgeckoSkyline,IOPS_175,6421,0.0
earthgeckoSkyline,IOPS_175,6422,0.0
earthgeckoSkyline,IOPS_175,6423,0.0
earthgeckoSkyline,IOPS_175,6424,0.0
earthgeckoSkyline,IOPS_175,6425,0.0
earthgeckoSkyline,IOPS_175,6426,0.0
earthgeckoSkyline,IOPS_175,6427,0.0
earthgeckoSkyline,IOPS_175,6428,0.0
earthgeckoSkyline,IOPS_175,6429,0.0
earthgeckoSkyline,IOPS_175,6430,0.0
earthgeckoSkyline,IOPS_175,6431,0.0
earthgeckoSkyline,IOPS_175,6432,0.0
earthgeckoSkyline,IOPS_175,6433,0.0
earthgeckoSkyline,IOPS_175,6434,0.0
earthgeckoSkyline,IOPS_175,6435,0.0
earthgeckoSkyline,IOPS_175,6436,0.0
earthgeckoSkyline,IOPS_175,6437,0.0
earthgeckoSkyline,IOPS_175,6438,0.0
earthgeckoSkyline,IOPS_175,6439,0.0
earthgeckoSkyline,IOPS_175,6440,0.0
earthgeckoSkyline,IOPS_175,6441,0.0
earthgeckoSkyline,IOPS_175,6442,0.0
earthgeckoSkyline,IOPS_175,6443,0.0
earthgeckoSkyline,IOPS_175,6444,0.0
earthgeckoSkyline,IOPS_175,6445,0.0
earthgeckoSkyline,IOPS_175,6446,0.0
earthgeckoSkyline,IOPS_175,6447,0.0
earthgeckoSkyline,IOPS_175,6448,0.0
earthgeckoSkyline,IOPS_175,6449,0.0
earthgeckoSkyline,IOPS_175,6450,0.0
earthgeckoSkyline,IOPS_175,6451,0.0
earthgeckoSkyline,IOPS_175,6452,0.0
earthgeckoSkyline,IOPS_175,6453,0.0
earthgeckoSkyline,IOPS_175,6454,0.0
earthgeckoSkyline,IOPS_175,6455,0.0
earthgeckoSkyline,IOPS_175,6456,0.0
earthgeckoSkyline,IOPS_175,6457,0.0
earthgeckoSkyline,IOPS_175,6458,0.0
earthgeckoSkyline,IOPS_175,6459,0.0
earthgeckoSkyline,IOPS_175,6460,0.0
earthgeckoSkyline,IOPS_175,6461,0.0
earthgeckoSkyline,IOPS_175,6462,0.0
earthgeckoSkyline,IOPS_175,6463,0.0
earthgeckoSkyline,IOPS_175,6464,0.0
earthgeckoSkyline,IOPS_175,6465,0.0
earthgeckoSkyline,IOPS_175,6466,0.0
earthgeckoSkyline,IOPS_175,6467,0.0
earthgeckoSkyline,IOPS_175,6468,0.0
earthgeckoSkyline,IOPS_175,6469,0.0
earthgeckoSkyline,IOPS_175,6470,0.0
earthgeckoSkyline,IOPS_175,6471,0.0
earthgeckoSkyline,IOPS_175,6472,0.0
earthgeckoSkyline,IOPS_175,6473,0.0
earthgeckoSkyline,IOPS_175,6474,0.0
earthgeckoSkyline,IOPS_175,6475,0.0
earthgeckoSkyline,IOPS_175,6476,0.0
earthgeckoSkyline,IOPS_175,6477,0.0
earthgeckoSkyline,IOPS_175,6478,0.0
earthgeckoSkyline,IOPS_175,6479,0.0
earthgeckoSkyline,IOPS_175,6480,0.0
earthgeckoSkyline,IOPS_175,6481,0.0
earthgeckoSkyline,IOPS_175,6482,0.0
earthgeckoSkyline,IOPS_175,6483,0.0
earthgeckoSkyline,IOPS_175,6484,0.0
earthgeckoSkyline,IOPS_175,6485,0.0
earthgeckoSkyline,IOPS_175,6486,0.0
earthgeckoSkyline,IOPS_175,6487,0.0
earthgeckoSkyline,IOPS_175,6488,0.0
earthgeckoSkyline,IOPS_175,6489,0.0
earthgeckoSkyline,IOPS_175,6490,0.0
earthgeckoSkyline,IOPS_175,6491,0.0
earthgeckoSkyline,IOPS_175,6492,0.0
earthgeckoSkyline,IOPS_175,6493,0.0
earthgeckoSkyline,IOPS_175,6494,0.0
earthgeckoSkyline,IOPS_175,6495,0.0
earthgeckoSkyline,IOPS_175,6496,0.0
earthgeckoSkyline,IOPS_175,6497,0.0
earthgeckoSkyline,IOPS_175,6498,0.0
earthgeckoSkyline,IOPS_175,6499,0.0
earthgeckoSkyline,IOPS_175,6500,0.0
earthgeckoSkyline,IOPS_175,6501,0.0
earthgeckoSkyline,IOPS_175,6502,0.0
earthgeckoSkyline,IOPS_175,6503,0.0
earthgeckoSkyline,IOPS_175,6504,0.0
earthgeckoSkyline,IOPS_175,6505,0.0
earthgeckoSkyline,IOPS_175,6506,0.0
earthgeckoSkyline,IOPS_175,6507,0.0
earthgeckoSkyline,IOPS_175,6508,0.0
earthgeckoSkyline,IOPS_175,6509,0.0
earthgeckoSkyline,IOPS_175,6510,0.0
earthgeckoSkyline,IOPS_175,6511,0.0
earthgeckoSkyline,IOPS_175,6512,0.0
earthgeckoSkyline,IOPS_175,6513,0.0
earthgeckoSkyline,IOPS_175,6514,0.0
earthgeckoSkyline,IOPS_175,6515,0.0
earthgeckoSkyline,IOPS_175,6516,0.0
earthgeckoSkyline,IOPS_175,6517,0.0
earthgeckoSkyline,IOPS_175,6518,0.0
earthgeckoSkyline,IOPS_175,6519,0.0
earthgeckoSkyline,IOPS_175,6520,0.0
earthgeckoSkyline,IOPS_175,6521,0.0
earthgeckoSkyline,IOPS_175,6522,0.0
earthgeckoSkyline,IOPS_175,6523,0.0
earthgeckoSkyline,IOPS_175,6524,0.0
earthgeckoSkyline,IOPS_175,6525,0.0
earthgeckoSkyline,IOPS_175,6526,0.0
earthgeckoSkyline,IOPS_175,6527,0.0
earthgeckoSkyline,IOPS_175,6528,0.0
earthgeckoSkyline,IOPS_175,6529,0.0
earthgeckoSkyline,IOPS_175,6530,0.0
earthgeckoSkyline,IOPS_175,6531,0.0
earthgeckoSkyline,IOPS_175,6532,0.0
earthgeckoSkyline,IOPS_175,6533,0.0
earthgeckoSkyline,IOPS_175,6534,0.0
earthgeckoSkyline,IOPS_175,6535,0.0
earthgeckoSkyline,IOPS_175,6536,0.0
earthgeckoSkyline,IOPS_175,6537,0.0
earthgeckoSkyline,IOPS_175,6538,0.0
earthgeckoSkyline,IOPS_175,6539,0.0
earthgeckoSkyline,IOPS_175,6540,0.0
earthgeckoSkyline,IOPS_175,6541,0.0
earthgeckoSkyline,IOPS_175,6542,0.0
earthgeckoSkyline,IOPS_175,6543,0.0
earthgeckoSkyline,IOPS_175,6544,0.0
earthgeckoSkyline,IOPS_175,6545,0.0
earthgeckoSkyline,IOPS_175,6546,0.0
earthgeckoSkyline,IOPS_175,6547,0.0
earthgeckoSkyline,IOPS_175,6548,0.0
earthgeckoSkyline,IOPS_175,6549,0.0
earthgeckoSkyline,IOPS_175,6550,0.0
earthgeckoSkyline,IOPS_175,6551,0.0
earthgeckoSkyline,IOPS_175,6552,0.0
earthgeckoSkyline,IOPS_175,6553,0.0
earthgeckoSkyline,IOPS_175,6554,0.0
earthgeckoSkyline,IOPS_175,6555,0.0
earthgeckoSkyline,IOPS_175,6556,0.0
earthgeckoSkyline,IOPS_175,6557,0.0
earthgeckoSkyline,IOPS_175,6558,0.0
earthgeckoSkyline,IOPS_175,6559,0.0
earthgeckoSkyline,IOPS_175,6560,0.0
earthgeckoSkyline,IOPS_175,6561,0.0
earthgeckoSkyline,IOPS_175,6562,0.0
earthgeckoSkyline,IOPS_175,6563,0.0
earthgeckoSkyline,IOPS_175,6564,0.0
earthgeckoSkyline,IOPS_175,6565,0.0
earthgeckoSkyline,IOPS_175,6566,0.0
earthgeckoSkyline,IOPS_175,6567,0.0
earthgeckoSkyline,IOPS_175,6568,0.0
earthgeckoSkyline,IOPS_175,6569,0.0
earthgeckoSkyline,IOPS_175,6570,0.0
earthgeckoSkyline,IOPS_175,6571,0.0
earthgeckoSkyline,IOPS_175,6572,0.0
earthgeckoSkyline,IOPS_175,6573,0.0
earthgeckoSkyline,IOPS_175,6574,0.0
earthgeckoSkyline,IOPS_175,6575,0.0
earthgeckoSkyline,IOPS_175,6576,0.0
earthgeckoSkyline,IOPS_175,6577,0.0
earthgeckoSkyline,IOPS_175,6578,0.0
earthgeckoSkyline,IOPS_175,6579,0.0
earthgeckoSkyline,IOPS_175,6580,0.0
earthgeckoSkyline,IOPS_175,6581,0.0
earthgeckoSkyline,IOPS_175,6582,0.0
earthgeckoSkyline,IOPS_175,6583,0.0
earthgeckoSkyline,IOPS_175,6584,0.0
earthgeckoSkyline,IOPS_175,6585,0.0
earthgeckoSkyline,IOPS_175,6586,0.0
earthgeckoSkyline,IOPS_175,6587,0.0
earthgeckoSkyline,IOPS_175,6588,0.0
earthgeckoSkyline,IOPS_175,6589,0.0
earthgeckoSkyline,IOPS_175,6590,0.0
earthgeckoSkyline,IOPS_175,6591,0.0
earthgeckoSkyline,IOPS_175,6592,0.0
earthgeckoSkyline,IOPS_175,6593,0.0
earthgeckoSkyline,IOPS_175,6594,0.0
earthgeckoSkyline,IOPS_175,6595,0.0
earthgeckoSkyline,IOPS_175,6596,0.0
earthgeckoSkyline,IOPS_175,6597,0.0
earthgeckoSkyline,IOPS_175,6598,0.0
earthgeckoSkyline,IOPS_175,6599,0.0
earthgeckoSkyline,IOPS_175,6600,0.0
earthgeckoSkyline,IOPS_175,6601,0.0
earthgeckoSkyline,IOPS_175,6602,0.0
earthgeckoSkyline,IOPS_175,6603,0.0
earthgeckoSkyline,IOPS_175,6604,0.0
earthgeckoSkyline,IOPS_175,6605,0.0
earthgeckoSkyline,IOPS_175,6606,0.0
earthgeckoSkyline,IOPS_175,6607,0.0
earthgeckoSkyline,IOPS_175,6608,0.0
earthgeckoSkyline,IOPS_175,6609,0.0
earthgeckoSkyline,IOPS_175,6610,0.0
earthgeckoSkyline,IOPS_175,6611,0.0
earthgeckoSkyline,IOPS_175,6612,0.0
earthgeckoSkyline,IOPS_175,6613,0.0
earthgeckoSkyline,IOPS_175,6614,0.0
earthgeckoSkyline,IOPS_175,6615,0.0
earthgeckoSkyline,IOPS_175,6616,0.0
earthgeckoSkyline,IOPS_175,6617,0.0
earthgeckoSkyline,IOPS_175,6618,0.0
earthgeckoSkyline,IOPS_175,6619,0.0
earthgeckoSkyline,IOPS_175,6620,0.0
earthgeckoSkyline,IOPS_175,6621,0.0
earthgeckoSkyline,IOPS_175,6622,0.0
earthgeckoSkyline,IOPS_175,6623,0.0
earthgeckoSkyline,IOPS_175,6624,0.0
earthgeckoSkyline,IOPS_175,6625,0.0
earthgeckoSkyline,IOPS_175,6626,0.0
earthgeckoSkyline,IOPS_175,6627,0.0
earthgeckoSkyline,IOPS_175,6628,0.0
earthgeckoSkyline,IOPS_175,6629,0.0
earthgeckoSkyline,IOPS_175,6630,0.0
earthgeckoSkyline,IOPS_175,6631,0.0
earthgeckoSkyline,IOPS_175,6632,0.0
earthgeckoSkyline,IOPS_175,6633,0.0
earthgeckoSkyline,IOPS_175,6634,0.0
earthgeckoSkyline,IOPS_175,6635,0.0
earthgeckoSkyline,IOPS_175,6636,0.0
earthgeckoSkyline,IOPS_175,6637,0.0
earthgeckoSkyline,IOPS_175,6638,0.0
earthgeckoSkyline,IOPS_175,6639,0.0
earthgeckoSkyline,IOPS_175,6640,0.0
earthgeckoSkyline,IOPS_175,6641,0.0
earthgeckoSkyline,IOPS_175,6642,0.0
earthgeckoSkyline,IOPS_175,6643,0.0
earthgeckoSkyline,IOPS_175,6644,0.0
earthgeckoSkyline,IOPS_175,6645,0.0
earthgeckoSkyline,IOPS_175,6646,0.0
earthgeckoSkyline,IOPS_175,6647,0.0
earthgeckoSkyline,IOPS_175,6648,0.0
earthgeckoSkyline,IOPS_175,6649,0.0
earthgeckoSkyline,IOPS_175,6650,0.0
earthgeckoSkyline,IOPS_175,6651,0.0
earthgeckoSkyline,IOPS_175,6652,0.0
earthgeckoSkyline,IOPS_175,6653,0.0
earthgeckoSkyline,IOPS_175,6654,0.0
earthgeckoSkyline,IOPS_175,6655,0.0
earthgeckoSkyline,IOPS_175,6656,0.0
earthgeckoSkyline,IOPS_175,6657,0.0
earthgeckoSkyline,IOPS_175,6658,0.0
earthgeckoSkyline,IOPS_175,6659,0.0
earthgeckoSkyline,IOPS_175,6660,0.0
earthgeckoSkyline,IOPS_175,6661,0.0
earthgeckoSkyline,IOPS_175,6662,0.0
earthgeckoSkyline,IOPS_175,6663,0.0
earthgeckoSkyline,IOPS_175,6664,0.0
earthgeckoSkyline,IOPS_175,6665,0.0
earthgeckoSkyline,IOPS_175,6666,0.0
earthgeckoSkyline,IOPS_175,6667,0.0
earthgeckoSkyline,IOPS_175,6668,0.0
earthgeckoSkyline,IOPS_175,6669,0.0
earthgeckoSkyline,IOPS_175,6670,0.0
earthgeckoSkyline,IOPS_175,6671,0.0
earthgeckoSkyline,IOPS_175,6672,0.0
earthgeckoSkyline,IOPS_175,6673,0.0
earthgeckoSkyline,IOPS_175,6674,0.0
earthgeckoSkyline,IOPS_175,6675,0.0
earthgeckoSkyline,IOPS_175,6676,0.0
earthgeckoSkyline,IOPS_175,6677,0.0
earthgeckoSkyline,IOPS_175,6678,0.0
earthgeckoSkyline,IOPS_175,6679,0.0
earthgeckoSkyline,IOPS_175,6680,0.0
earthgeckoSkyline,IOPS_175,6681,0.0
earthgeckoSkyline,IOPS_175,6682,0.0
earthgeckoSkyline,IOPS_175,6683,0.0
earthgeckoSkyline,IOPS_175,6684,0.0
earthgeckoSkyline,IOPS_175,6685,0.0
earthgeckoSkyline,IOPS_175,6686,0.0
earthgeckoSkyline,IOPS_175,6687,0.0
earthgeckoSkyline,IOPS_175,6688,0.0
earthgeckoSkyline,IOPS_175,6689,0.0
earthgeckoSkyline,IOPS_175,6690,0.0
earthgeckoSkyline,IOPS_175,6691,0.0
earthgeckoSkyline,IOPS_175,6692,0.0
earthgeckoSkyline,IOPS_175,6693,0.0
earthgeckoSkyline,IOPS_175,6694,0.0
earthgeckoSkyline,IOPS_175,6695,0.0
earthgeckoSkyline,IOPS_175,6696,0.0
earthgeckoSkyline,IOPS_175,6697,0.0
earthgeckoSkyline,IOPS_175,6698,0.0
earthgeckoSkyline,IOPS_175,6699,0.0
earthgeckoSkyline,IOPS_175,6700,0.0
earthgeckoSkyline,IOPS_175,6701,0.0
earthgeckoSkyline,IOPS_175,6702,0.0
earthgeckoSkyline,IOPS_175,6703,0.0
earthgeckoSkyline,IOPS_175,6704,0.0
earthgeckoSkyline,IOPS_175,6705,0.0
earthgeckoSkyline,IOPS_175,6706,0.0
earthgeckoSkyline,IOPS_175,6707,0.0
earthgeckoSkyline,IOPS_175,6708,0.0
earthgeckoSkyline,IOPS_175,6709,0.0
earthgeckoSkyline,IOPS_175,6710,0.0
earthgeckoSkyline,IOPS_175,6711,0.0
earthgeckoSkyline,IOPS_175,6712,0.0
earthgeckoSkyline,IOPS_175,6713,0.0
earthgeckoSkyline,IOPS_175,6714,0.0
earthgeckoSkyline,IOPS_175,6715,0.0
earthgeckoSkyline,IOPS_175,6716,0.0
earthgeckoSkyline,IOPS_175,6717,0.0
earthgeckoSkyline,IOPS_175,6718,0.0
earthgeckoSkyline,IOPS_175,6719,0.0
earthgeckoSkyline,IOPS_175,6720,0.0
earthgeckoSkyline,IOPS_175,6721,0.0
earthgeckoSkyline,IOPS_175,6722,0.0
earthgeckoSkyline,IOPS_175,6723,0.0
earthgeckoSkyline,IOPS_175,6724,0.0
earthgeckoSkyline,IOPS_175,6725,0.0
earthgeckoSkyline,IOPS_175,6726,0.0
earthgeckoSkyline,IOPS_175,6727,0.0
earthgeckoSkyline,IOPS_175,6728,0.0
earthgeckoSkyline,IOPS_175,6729,0.0
earthgeckoSkyline,IOPS_175,6730,0.0
earthgeckoSkyline,IOPS_175,6731,0.0
earthgeckoSkyline,IOPS_175,6732,0.0
earthgeckoSkyline,IOPS_175,6733,0.0
earthgeckoSkyline,IOPS_175,6734,0.0
earthgeckoSkyline,IOPS_175,6735,0.0
earthgeckoSkyline,IOPS_175,6736,0.0
earthgeckoSkyline,IOPS_175,6737,0.0
earthgeckoSkyline,IOPS_175,6738,0.0
earthgeckoSkyline,IOPS_175,6739,0.0
earthgeckoSkyline,IOPS_175,6740,0.0
earthgeckoSkyline,IOPS_175,6741,0.0
earthgeckoSkyline,IOPS_175,6742,0.0
earthgeckoSkyline,IOPS_175,6743,0.0
earthgeckoSkyline,IOPS_175,6744,0.0
earthgeckoSkyline,IOPS_175,6745,0.0
earthgeckoSkyline,IOPS_175,6746,0.0
earthgeckoSkyline,IOPS_175,6747,0.0
earthgeckoSkyline,IOPS_175,6748,0.0
earthgeckoSkyline,IOPS_175,6749,0.0
earthgeckoSkyline,IOPS_175,6750,0.0
earthgeckoSkyline,IOPS_175,6751,0.0
earthgeckoSkyline,IOPS_175,6752,0.0
earthgeckoSkyline,IOPS_175,6753,0.0
earthgeckoSkyline,IOPS_175,6754,0.0
earthgeckoSkyline,IOPS_175,6755,0.0
earthgeckoSkyline,IOPS_175,6756,0.0
earthgeckoSkyline,IOPS_175,6757,0.0
earthgeckoSkyline,IOPS_175,6758,0.0
earthgeckoSkyline,IOPS_175,6759,0.0
earthgeckoSkyline,IOPS_175,6760,0.0
earthgeckoSkyline,IOPS_175,6761,0.0
earthgeckoSkyline,IOPS_175,6762,0.0
earthgeckoSkyline,IOPS_175,6763,0.0
earthgeckoSkyline,IOPS_175,6764,0.0
earthgeckoSkyline,IOPS_175,6765,0.0
earthgeckoSkyline,IOPS_175,6766,0.0
earthgeckoSkyline,IOPS_175,6767,0.0
earthgeckoSkyline,IOPS_175,6768,0.0
earthgeckoSkyline,IOPS_175,6769,0.0
earthgeckoSkyline,IOPS_175,6770,0.0
earthgeckoSkyline,IOPS_175,6771,0.0
earthgeckoSkyline,IOPS_175,6772,0.0
earthgeckoSkyline,IOPS_175,6773,0.0
earthgeckoSkyline,IOPS_175,6774,0.0
earthgeckoSkyline,IOPS_175,6775,0.0
earthgeckoSkyline,IOPS_175,6776,0.0
earthgeckoSkyline,IOPS_175,6777,0.0
earthgeckoSkyline,IOPS_175,6778,0.0
earthgeckoSkyline,IOPS_175,6779,0.0
earthgeckoSkyline,IOPS_175,6780,0.0
earthgeckoSkyline,IOPS_175,6781,0.0
earthgeckoSkyline,IOPS_175,6782,0.0
earthgeckoSkyline,IOPS_175,6783,0.0
earthgeckoSkyline,IOPS_175,6784,0.0
earthgeckoSkyline,IOPS_175,6785,0.0
earthgeckoSkyline,IOPS_175,6786,0.0
earthgeckoSkyline,IOPS_175,6787,0.0
earthgeckoSkyline,IOPS_175,6788,0.0
earthgeckoSkyline,IOPS_175,6789,0.0
earthgeckoSkyline,IOPS_175,6790,0.0
earthgeckoSkyline,IOPS_175,6791,0.0
earthgeckoSkyline,IOPS_175,6792,0.0
earthgeckoSkyline,IOPS_175,6793,0.0
earthgeckoSkyline,IOPS_175,6794,0.0
earthgeckoSkyline,IOPS_175,6795,0.0
earthgeckoSkyline,IOPS_175,6796,0.0
earthgeckoSkyline,IOPS_175,6797,0.0
earthgeckoSkyline,IOPS_175,6798,0.0
earthgeckoSkyline,IOPS_175,6799,0.0
earthgeckoSkyline,IOPS_175,6800,0.0
earthgeckoSkyline,IOPS_175,6801,0.0
earthgeckoSkyline,IOPS_175,6802,0.0
earthgeckoSkyline,IOPS_175,6803,0.0
earthgeckoSkyline,IOPS_175,6804,0.0
earthgeckoSkyline,IOPS_175,6805,0.0
earthgeckoSkyline,IOPS_175,6806,0.0
earthgeckoSkyline,IOPS_175,6807,0.0
earthgeckoSkyline,IOPS_175,6808,0.0
earthgeckoSkyline,IOPS_175,6809,0.0
earthgeckoSkyline,IOPS_175,6810,0.0
earthgeckoSkyline,IOPS_175,6811,0.0
earthgeckoSkyline,IOPS_175,6812,0.0
earthgeckoSkyline,IOPS_175,6813,0.0
earthgeckoSkyline,IOPS_175,6814,0.0
earthgeckoSkyline,IOPS_175,6815,0.0
earthgeckoSkyline,IOPS_175,6816,0.0
earthgeckoSkyline,IOPS_175,6817,0.0
earthgeckoSkyline,IOPS_175,6818,0.0
earthgeckoSkyline,IOPS_175,6819,0.0
earthgeckoSkyline,IOPS_175,6820,0.0
earthgeckoSkyline,IOPS_175,6821,0.0
earthgeckoSkyline,IOPS_175,6822,0.0
earthgeckoSkyline,IOPS_175,6823,0.0
earthgeckoSkyline,IOPS_175,6824,0.0
earthgeckoSkyline,IOPS_175,6825,0.0
earthgeckoSkyline,IOPS_175,6826,0.0
earthgeckoSkyline,IOPS_175,6827,0.0
earthgeckoSkyline,IOPS_175,6828,0.0
earthgeckoSkyline,IOPS_175,6829,0.0
earthgeckoSkyline,IOPS_175,6830,0.0
earthgeckoSkyline,IOPS_175,6831,0.0
earthgeckoSkyline,IOPS_175,6832,0.0
earthgeckoSkyline,IOPS_175,6833,0.0
earthgeckoSkyline,IOPS_175,6834,0.0
earthgeckoSkyline,IOPS_175,6835,0.0
earthgeckoSkyline,IOPS_175,6836,0.0
earthgeckoSkyline,IOPS_175,6837,0.0
earthgeckoSkyline,IOPS_175,6838,0.0
earthgeckoSkyline,IOPS_175,6839,0.0
earthgeckoSkyline,IOPS_175,6840,0.0
earthgeckoSkyline,IOPS_175,6841,0.0
earthgeckoSkyline,IOPS_175,6842,0.0
earthgeckoSkyline,IOPS_175,6843,0.0
earthgeckoSkyline,IOPS_175,6844,0.0
earthgeckoSkyline,IOPS_175,6845,0.0
earthgeckoSkyline,IOPS_175,6846,0.0
earthgeckoSkyline,IOPS_175,6847,0.0
earthgeckoSkyline,IOPS_175,6848,0.0
earthgeckoSkyline,IOPS_175,6849,0.0
earthgeckoSkyline,IOPS_175,6850,0.0
earthgeckoSkyline,IOPS_175,6851,0.0
earthgeckoSkyline,IOPS_175,6852,0.0
earthgeckoSkyline,IOPS_175,6853,0.0
earthgeckoSkyline,IOPS_175,6854,0.0
earthgeckoSkyline,IOPS_175,6855,0.0
earthgeckoSkyline,IOPS_175,6856,0.0
earthgeckoSkyline,IOPS_175,6857,0.0
earthgeckoSkyline,IOPS_175,6858,0.0
earthgeckoSkyline,IOPS_175,6859,0.0
earthgeckoSkyline,IOPS_175,6860,0.0
earthgeckoSkyline,IOPS_175,6861,0.0
earthgeckoSkyline,IOPS_175,6862,0.0
earthgeckoSkyline,IOPS_175,6863,0.0
earthgeckoSkyline,IOPS_175,6864,0.0
earthgeckoSkyline,IOPS_175,6865,0.0
earthgeckoSkyline,IOPS_175,6866,0.0
earthgeckoSkyline,IOPS_175,6867,0.0
earthgeckoSkyline,IOPS_175,6868,0.0
earthgeckoSkyline,IOPS_175,6869,0.0
earthgeckoSkyline,IOPS_175,6870,0.0
earthgeckoSkyline,IOPS_175,6871,0.0
earthgeckoSkyline,IOPS_175,6872,0.0
earthgeckoSkyline,IOPS_175,6873,0.0
earthgeckoSkyline,IOPS_175,6874,0.0
earthgeckoSkyline,IOPS_175,6875,0.0
earthgeckoSkyline,IOPS_175,6876,0.0
earthgeckoSkyline,IOPS_175,6877,0.0
earthgeckoSkyline,IOPS_175,6878,0.0
earthgeckoSkyline,IOPS_175,6879,0.0
earthgeckoSkyline,IOPS_175,6880,0.0
earthgeckoSkyline,IOPS_175,6881,0.0
earthgeckoSkyline,IOPS_175,6882,0.0
earthgeckoSkyline,IOPS_175,6883,0.0
earthgeckoSkyline,IOPS_175,6884,0.0
earthgeckoSkyline,IOPS_175,6885,0.0
earthgeckoSkyline,IOPS_175,6886,0.0
earthgeckoSkyline,IOPS_175,6887,0.0
earthgeckoSkyline,IOPS_175,6888,0.0
earthgeckoSkyline,IOPS_175,6889,0.0
earthgeckoSkyline,IOPS_175,6890,0.0
earthgeckoSkyline,IOPS_175,6891,0.0
earthgeckoSkyline,IOPS_175,6892,0.0
earthgeckoSkyline,IOPS_175,6893,0.0
earthgeckoSkyline,IOPS_175,6894,0.0
earthgeckoSkyline,IOPS_175,6895,0.0
earthgeckoSkyline,IOPS_175,6896,0.0
earthgeckoSkyline,IOPS_175,6897,0.0
earthgeckoSkyline,IOPS_175,6898,0.0
earthgeckoSkyline,IOPS_175,6899,0.0
earthgeckoSkyline,IOPS_175,6900,0.0
earthgeckoSkyline,IOPS_175,6901,0.0
earthgeckoSkyline,IOPS_175,6902,0.0
earthgeckoSkyline,IOPS_175,6903,0.0
earthgeckoSkyline,IOPS_175,6904,0.0
earthgeckoSkyline,IOPS_175,6905,0.0
earthgeckoSkyline,IOPS_175,6906,0.0
earthgeckoSkyline,IOPS_175,6907,0.0
earthgeckoSkyline,IOPS_175,6908,0.0
earthgeckoSkyline,IOPS_175,6909,0.0
earthgeckoSkyline,IOPS_175,6910,0.0
earthgeckoSkyline,IOPS_175,6911,0.0
earthgeckoSkyline,IOPS_175,6912,0.0
earthgeckoSkyline,IOPS_175,6913,0.0
earthgeckoSkyline,IOPS_175,6914,0.0
earthgeckoSkyline,IOPS_175,6915,0.0
earthgeckoSkyline,IOPS_175,6916,0.0
earthgeckoSkyline,IOPS_175,6917,0.0
earthgeckoSkyline,IOPS_175,6918,0.0
earthgeckoSkyline,IOPS_175,6919,0.0
earthgeckoSkyline,IOPS_175,6920,0.0
earthgeckoSkyline,IOPS_175,6921,0.0
earthgeckoSkyline,IOPS_175,6922,0.0
earthgeckoSkyline,IOPS_175,6923,0.0
earthgeckoSkyline,IOPS_175,6924,0.0
earthgeckoSkyline,IOPS_175,6925,0.0
earthgeckoSkyline,IOPS_175,6926,0.0
earthgeckoSkyline,IOPS_175,6927,0.0
earthgeckoSkyline,IOPS_175,6928,0.0
earthgeckoSkyline,IOPS_175,6929,0.0
earthgeckoSkyline,IOPS_175,6930,0.0
earthgeckoSkyline,IOPS_175,6931,0.0
earthgeckoSkyline,IOPS_175,6932,0.0
earthgeckoSkyline,IOPS_175,6933,0.0
earthgeckoSkyline,IOPS_175,6934,0.0
earthgeckoSkyline,IOPS_175,6935,0.0
earthgeckoSkyline,IOPS_175,6936,0.0
earthgeckoSkyline,IOPS_175,6937,0.0
earthgeckoSkyline,IOPS_175,6938,0.0
earthgeckoSkyline,IOPS_175,6939,0.0
earthgeckoSkyline,IOPS_175,6940,0.0
earthgeckoSkyline,IOPS_175,6941,0.0
earthgeckoSkyline,IOPS_175,6942,0.0
earthgeckoSkyline,IOPS_175,6943,0.0
earthgeckoSkyline,IOPS_175,6944,0.0
earthgeckoSkyline,IOPS_175,6945,0.0
earthgeckoSkyline,IOPS_175,6946,0.0
earthgeckoSkyline,IOPS_175,6947,0.0
earthgeckoSkyline,IOPS_175,6948,0.0
earthgeckoSkyline,IOPS_175,6949,0.0
earthgeckoSkyline,IOPS_175,6950,0.0
earthgeckoSkyline,IOPS_175,6951,0.0
earthgeckoSkyline,IOPS_175,6952,0.0
earthgeckoSkyline,IOPS_175,6953,0.0
earthgeckoSkyline,IOPS_175,6954,0.0
earthgeckoSkyline,IOPS_175,6955,0.0
earthgeckoSkyline,IOPS_175,6956,0.0
earthgeckoSkyline,IOPS_175,6957,0.0
earthgeckoSkyline,IOPS_175,6958,0.0
earthgeckoSkyline,IOPS_175,6959,0.0
earthgeckoSkyline,IOPS_175,6960,0.0
earthgeckoSkyline,IOPS_175,6961,0.0
earthgeckoSkyline,IOPS_175,6962,0.0
earthgeckoSkyline,IOPS_175,6963,0.0
earthgeckoSkyline,IOPS_175,6964,0.0
earthgeckoSkyline,IOPS_175,6965,0.0
earthgeckoSkyline,IOPS_175,6966,0.0
earthgeckoSkyline,IOPS_175,6967,0.0
earthgeckoSkyline,IOPS_175,6968,0.0
earthgeckoSkyline,IOPS_175,6969,0.0
earthgeckoSkyline,IOPS_175,6970,0.0
earthgeckoSkyline,IOPS_175,6971,0.0
earthgeckoSkyline,IOPS_175,6972,0.0
earthgeckoSkyline,IOPS_175,6973,0.0
earthgeckoSkyline,IOPS_175,6974,0.0
earthgeckoSkyline,IOPS_175,6975,0.0
earthgeckoSkyline,IOPS_175,6976,0.0
earthgeckoSkyline,IOPS_175,6977,0.0
earthgeckoSkyline,IOPS_175,6978,0.0
earthgeckoSkyline,IOPS_175,6979,0.0
earthgeckoSkyline,IOPS_175,6980,0.0
earthgeckoSkyline,IOPS_175,6981,0.0
earthgeckoSkyline,IOPS_175,6982,0.0
earthgeckoSkyline,IOPS_175,6983,0.0
earthgeckoSkyline,IOPS_175,6984,0.0
earthgeckoSkyline,IOPS_175,6985,0.0
earthgeckoSkyline,IOPS_175,6986,0.0
earthgeckoSkyline,IOPS_175,6987,0.0
earthgeckoSkyline,IOPS_175,6988,0.0
earthgeckoSkyline,IOPS_175,6989,0.0
earthgeckoSkyline,IOPS_175,6990,0.0
earthgeckoSkyline,IOPS_175,6991,0.0
earthgeckoSkyline,IOPS_175,6992,0.0
earthgeckoSkyline,IOPS_175,6993,0.0
earthgeckoSkyline,IOPS_175,6994,0.0
earthgeckoSkyline,IOPS_175,6995,0.0
earthgeckoSkyline,IOPS_175,6996,0.0
earthgeckoSkyline,IOPS_175,6997,0.0
earthgeckoSkyline,IOPS_175,6998,0.0
earthgeckoSkyline,IOPS_175,6999,0.0
earthgeckoSkyline,IOPS_175,7000,0.0
earthgeckoSkyline,IOPS_175,7001,0.0
earthgeckoSkyline,IOPS_175,7002,0.0
earthgeckoSkyline,IOPS_175,7003,0.0
earthgeckoSkyline,IOPS_175,7004,0.0
earthgeckoSkyline,IOPS_175,7005,0.0
earthgeckoSkyline,IOPS_175,7006,0.0
earthgeckoSkyline,IOPS_175,7007,0.0
earthgeckoSkyline,IOPS_175,7008,0.0
earthgeckoSkyline,IOPS_175,7009,0.0
earthgeckoSkyline,IOPS_175,7010,0.0
earthgeckoSkyline,IOPS_175,7011,0.0
earthgeckoSkyline,IOPS_175,7012,0.0
earthgeckoSkyline,IOPS_175,7013,0.0
earthgeckoSkyline,IOPS_175,7014,0.0
earthgeckoSkyline,IOPS_175,7015,0.0
earthgeckoSkyline,IOPS_175,7016,0.0
earthgeckoSkyline,IOPS_175,7017,0.0
earthgeckoSkyline,IOPS_175,7018,0.0
earthgeckoSkyline,IOPS_175,7019,0.0
earthgeckoSkyline,IOPS_175,7020,0.0
earthgeckoSkyline,IOPS_175,7021,0.0
earthgeckoSkyline,IOPS_175,7022,0.0
earthgeckoSkyline,IOPS_175,7023,0.0
earthgeckoSkyline,IOPS_175,7024,0.0
earthgeckoSkyline,IOPS_175,7025,0.0
earthgeckoSkyline,IOPS_175,7026,0.0
earthgeckoSkyline,IOPS_175,7027,0.0
earthgeckoSkyline,IOPS_175,7028,0.0
earthgeckoSkyline,IOPS_175,7029,0.0
earthgeckoSkyline,IOPS_175,7030,0.0
earthgeckoSkyline,IOPS_175,7031,0.0
earthgeckoSkyline,IOPS_175,7032,0.0
earthgeckoSkyline,IOPS_175,7033,0.0
earthgeckoSkyline,IOPS_175,7034,0.0
earthgeckoSkyline,IOPS_175,7035,0.0
earthgeckoSkyline,IOPS_175,7036,0.0
earthgeckoSkyline,IOPS_175,7037,0.0
earthgeckoSkyline,IOPS_175,7038,0.0
earthgeckoSkyline,IOPS_175,7039,0.0
earthgeckoSkyline,IOPS_175,7040,0.0
earthgeckoSkyline,IOPS_175,7041,0.0
earthgeckoSkyline,IOPS_175,7042,0.0
earthgeckoSkyline,IOPS_175,7043,0.0
earthgeckoSkyline,IOPS_175,7044,0.0
earthgeckoSkyline,IOPS_175,7045,0.0
earthgeckoSkyline,IOPS_175,7046,0.0
earthgeckoSkyline,IOPS_175,7047,0.0
earthgeckoSkyline,IOPS_175,7048,0.0
earthgeckoSkyline,IOPS_175,7049,0.0
earthgeckoSkyline,IOPS_175,7050,0.0
earthgeckoSkyline,IOPS_175,7051,0.0
earthgeckoSkyline,IOPS_175,7052,0.0
earthgeckoSkyline,IOPS_175,7053,0.0
earthgeckoSkyline,IOPS_175,7054,0.0
earthgeckoSkyline,IOPS_175,7055,0.0
earthgeckoSkyline,IOPS_175,7056,0.0
earthgeckoSkyline,IOPS_175,7057,0.0
earthgeckoSkyline,IOPS_175,7058,0.0
earthgeckoSkyline,IOPS_175,7059,0.0
earthgeckoSkyline,IOPS_175,7060,0.0
earthgeckoSkyline,IOPS_175,7061,0.0
earthgeckoSkyline,IOPS_175,7062,0.0
earthgeckoSkyline,IOPS_175,7063,0.0
earthgeckoSkyline,IOPS_175,7064,0.0
earthgeckoSkyline,IOPS_175,7065,0.0
earthgeckoSkyline,IOPS_175,7066,0.0
earthgeckoSkyline,IOPS_175,7067,0.0
earthgeckoSkyline,IOPS_175,7068,0.0
earthgeckoSkyline,IOPS_175,7069,0.0
earthgeckoSkyline,IOPS_175,7070,0.0
earthgeckoSkyline,IOPS_175,7071,0.0
earthgeckoSkyline,IOPS_175,7072,0.0
earthgeckoSkyline,IOPS_175,7073,0.0
earthgeckoSkyline,IOPS_175,7074,0.0
earthgeckoSkyline,IOPS_175,7075,0.0
earthgeckoSkyline,IOPS_175,7076,0.0
earthgeckoSkyline,IOPS_175,7077,0.0
earthgeckoSkyline,IOPS_175,7078,0.0
earthgeckoSkyline,IOPS_175,7079,0.0
earthgeckoSkyline,IOPS_175,7080,0.0
earthgeckoSkyline,IOPS_175,7081,0.0
earthgeckoSkyline,IOPS_175,7082,0.0
earthgeckoSkyline,IOPS_175,7083,0.0
earthgeckoSkyline,IOPS_175,7084,0.0
earthgeckoSkyline,IOPS_175,7085,0.0
earthgeckoSkyline,IOPS_175,7086,0.0
earthgeckoSkyline,IOPS_175,7087,0.0
earthgeckoSkyline,IOPS_175,7088,0.0
earthgeckoSkyline,IOPS_175,7089,0.0
earthgeckoSkyline,IOPS_175,7090,0.0
earthgeckoSkyline,IOPS_175,7091,0.0
earthgeckoSkyline,IOPS_175,7092,0.0
earthgeckoSkyline,IOPS_175,7093,0.0
earthgeckoSkyline,IOPS_175,7094,0.0
earthgeckoSkyline,IOPS_175,7095,0.0
earthgeckoSkyline,IOPS_175,7096,0.0
earthgeckoSkyline,IOPS_175,7097,0.0
earthgeckoSkyline,IOPS_175,7098,0.0
earthgeckoSkyline,IOPS_175,7099,0.0
earthgeckoSkyline,IOPS_175,7100,0.0
earthgeckoSkyline,IOPS_175,7101,0.0
earthgeckoSkyline,IOPS_175,7102,0.0
earthgeckoSkyline,IOPS_175,7103,0.0
earthgeckoSkyline,IOPS_175,7104,0.0
earthgeckoSkyline,IOPS_175,7105,0.0
earthgeckoSkyline,IOPS_175,7106,0.0
earthgeckoSkyline,IOPS_175,7107,0.0
earthgeckoSkyline,IOPS_175,7108,0.0
earthgeckoSkyline,IOPS_175,7109,0.0
earthgeckoSkyline,IOPS_175,7110,0.0
earthgeckoSkyline,IOPS_175,7111,0.0
earthgeckoSkyline,IOPS_175,7112,0.0
earthgeckoSkyline,IOPS_175,7113,0.0
earthgeckoSkyline,IOPS_175,7114,0.0
earthgeckoSkyline,IOPS_175,7115,0.0
earthgeckoSkyline,IOPS_175,7116,0.0
earthgeckoSkyline,IOPS_175,7117,0.0
earthgeckoSkyline,IOPS_175,7118,0.0
earthgeckoSkyline,IOPS_175,7119,0.0
earthgeckoSkyline,IOPS_175,7120,0.0
earthgeckoSkyline,IOPS_175,7121,0.0
earthgeckoSkyline,IOPS_175,7122,0.0
earthgeckoSkyline,IOPS_175,7123,0.0
earthgeckoSkyline,IOPS_175,7124,0.0
earthgeckoSkyline,IOPS_175,7125,0.0
earthgeckoSkyline,IOPS_175,7126,0.0
earthgeckoSkyline,IOPS_175,7127,0.0
earthgeckoSkyline,IOPS_175,7128,0.0
earthgeckoSkyline,IOPS_175,7129,0.0
earthgeckoSkyline,IOPS_175,7130,0.0
earthgeckoSkyline,IOPS_175,7131,0.0
earthgeckoSkyline,IOPS_175,7132,0.0
earthgeckoSkyline,IOPS_175,7133,0.0
earthgeckoSkyline,IOPS_175,7134,0.0
earthgeckoSkyline,IOPS_175,7135,0.0
earthgeckoSkyline,IOPS_175,7136,0.0
earthgeckoSkyline,IOPS_175,7137,0.0
earthgeckoSkyline,IOPS_175,7138,0.0
earthgeckoSkyline,IOPS_175,7139,0.0
earthgeckoSkyline,IOPS_175,7140,0.0
earthgeckoSkyline,IOPS_175,7141,0.0
earthgeckoSkyline,IOPS_175,7142,0.0
earthgeckoSkyline,IOPS_175,7143,0.0
earthgeckoSkyline,IOPS_175,7144,0.0
earthgeckoSkyline,IOPS_175,7145,0.0
earthgeckoSkyline,IOPS_175,7146,0.0
earthgeckoSkyline,IOPS_175,7147,0.0
earthgeckoSkyline,IOPS_175,7148,0.0
earthgeckoSkyline,IOPS_175,7149,0.0
earthgeckoSkyline,IOPS_175,7150,0.0
earthgeckoSkyline,IOPS_175,7151,0.0
earthgeckoSkyline,IOPS_175,7152,0.0
earthgeckoSkyline,IOPS_175,7153,0.0
earthgeckoSkyline,IOPS_175,7154,0.0
earthgeckoSkyline,IOPS_175,7155,0.0
earthgeckoSkyline,IOPS_175,7156,0.0
earthgeckoSkyline,IOPS_175,7157,0.0
earthgeckoSkyline,IOPS_175,7158,0.0
earthgeckoSkyline,IOPS_175,7159,0.0
earthgeckoSkyline,IOPS_175,7160,0.0
earthgeckoSkyline,IOPS_175,7161,0.0
earthgeckoSkyline,IOPS_175,7162,0.0
earthgeckoSkyline,IOPS_175,7163,0.0
earthgeckoSkyline,IOPS_175,7164,0.0
earthgeckoSkyline,IOPS_175,7165,0.0
earthgeckoSkyline,IOPS_175,7166,0.0
earthgeckoSkyline,IOPS_175,7167,0.0
earthgeckoSkyline,IOPS_175,7168,0.0
earthgeckoSkyline,IOPS_175,7169,0.0
earthgeckoSkyline,IOPS_175,7170,0.0
earthgeckoSkyline,IOPS_175,7171,0.0
earthgeckoSkyline,IOPS_175,7172,0.0
earthgeckoSkyline,IOPS_175,7173,0.0
earthgeckoSkyline,IOPS_175,7174,0.0
earthgeckoSkyline,IOPS_175,7175,0.0
earthgeckoSkyline,IOPS_175,7176,0.0
earthgeckoSkyline,IOPS_175,7177,0.0
earthgeckoSkyline,IOPS_175,7178,0.0
earthgeckoSkyline,IOPS_175,7179,0.0
earthgeckoSkyline,IOPS_175,7180,0.0
earthgeckoSkyline,IOPS_175,7181,0.0
earthgeckoSkyline,IOPS_175,7182,0.0
earthgeckoSkyline,IOPS_175,7183,0.0
earthgeckoSkyline,IOPS_175,7184,0.0
earthgeckoSkyline,IOPS_175,7185,0.0
earthgeckoSkyline,IOPS_175,7186,0.0
earthgeckoSkyline,IOPS_175,7187,0.0
earthgeckoSkyline,IOPS_175,7188,0.0
earthgeckoSkyline,IOPS_175,7189,0.0
earthgeckoSkyline,IOPS_175,7190,0.0
earthgeckoSkyline,IOPS_175,7191,0.0
earthgeckoSkyline,IOPS_175,7192,0.0
earthgeckoSkyline,IOPS_175,7193,0.0
earthgeckoSkyline,IOPS_175,7194,0.0
earthgeckoSkyline,IOPS_175,7195,0.0
earthgeckoSkyline,IOPS_175,7196,0.0
earthgeckoSkyline,IOPS_175,7197,0.0
earthgeckoSkyline,IOPS_175,7198,0.0
earthgeckoSkyline,IOPS_175,7199,0.0
earthgeckoSkyline,IOPS_175,7200,0.0
earthgeckoSkyline,IOPS_175,7201,0.0
earthgeckoSkyline,IOPS_175,7202,0.0
earthgeckoSkyline,IOPS_175,7203,0.0
earthgeckoSkyline,IOPS_175,7204,0.0
earthgeckoSkyline,IOPS_175,7205,0.0
earthgeckoSkyline,IOPS_175,7206,0.0
earthgeckoSkyline,IOPS_175,7207,0.0
earthgeckoSkyline,IOPS_175,7208,0.0
earthgeckoSkyline,IOPS_175,7209,0.0
earthgeckoSkyline,IOPS_175,7210,0.0
earthgeckoSkyline,IOPS_175,7211,0.0
earthgeckoSkyline,IOPS_175,7212,0.0
earthgeckoSkyline,IOPS_175,7213,0.0
earthgeckoSkyline,IOPS_175,7214,0.0
earthgeckoSkyline,IOPS_175,7215,0.0
earthgeckoSkyline,IOPS_175,7216,0.0
earthgeckoSkyline,IOPS_175,7217,0.0
earthgeckoSkyline,IOPS_175,7218,0.0
earthgeckoSkyline,IOPS_175,7219,0.0
earthgeckoSkyline,IOPS_175,7220,0.0
earthgeckoSkyline,IOPS_175,7221,0.0
earthgeckoSkyline,IOPS_175,7222,0.0
earthgeckoSkyline,IOPS_175,7223,0.0
earthgeckoSkyline,IOPS_175,7224,0.0
earthgeckoSkyline,IOPS_175,7225,0.0
earthgeckoSkyline,IOPS_175,7226,0.0
earthgeckoSkyline,IOPS_175,7227,0.0
earthgeckoSkyline,IOPS_175,7228,0.0
earthgeckoSkyline,IOPS_175,7229,0.0
earthgeckoSkyline,IOPS_175,7230,0.0
earthgeckoSkyline,IOPS_175,7231,0.0
earthgeckoSkyline,IOPS_175,7232,0.0
earthgeckoSkyline,IOPS_175,7233,0.0
earthgeckoSkyline,IOPS_175,7234,0.0
earthgeckoSkyline,IOPS_175,7235,0.0
earthgeckoSkyline,IOPS_175,7236,0.0
earthgeckoSkyline,IOPS_175,7237,0.0
earthgeckoSkyline,IOPS_175,7238,0.0
earthgeckoSkyline,IOPS_175,7239,0.0
earthgeckoSkyline,IOPS_175,7240,0.0
earthgeckoSkyline,IOPS_175,7241,0.0
earthgeckoSkyline,IOPS_175,7242,0.0
earthgeckoSkyline,IOPS_175,7243,0.0
earthgeckoSkyline,IOPS_175,7244,0.0
earthgeckoSkyline,IOPS_175,7245,0.0
earthgeckoSkyline,IOPS_175,7246,0.0
earthgeckoSkyline,IOPS_175,7247,0.0
earthgeckoSkyline,IOPS_175,7248,0.0
earthgeckoSkyline,IOPS_175,7249,0.0
earthgeckoSkyline,IOPS_175,7250,0.0
earthgeckoSkyline,IOPS_175,7251,0.0
earthgeckoSkyline,IOPS_175,7252,0.0
earthgeckoSkyline,IOPS_175,7253,0.0
earthgeckoSkyline,IOPS_175,7254,0.0
earthgeckoSkyline,IOPS_175,7255,0.0
earthgeckoSkyline,IOPS_175,7256,0.0
earthgeckoSkyline,IOPS_175,7257,0.0
earthgeckoSkyline,IOPS_175,7258,0.0
earthgeckoSkyline,IOPS_175,7259,0.0
earthgeckoSkyline,IOPS_175,7260,0.0
earthgeckoSkyline,IOPS_175,7261,0.0
earthgeckoSkyline,IOPS_175,7262,0.0
earthgeckoSkyline,IOPS_175,7263,0.0
earthgeckoSkyline,IOPS_175,7264,0.0
earthgeckoSkyline,IOPS_175,7265,0.0
earthgeckoSkyline,IOPS_175,7266,0.0
earthgeckoSkyline,IOPS_175,7267,0.0
earthgeckoSkyline,IOPS_175,7268,0.0
earthgeckoSkyline,IOPS_175,7269,0.0
earthgeckoSkyline,IOPS_175,7270,0.0
earthgeckoSkyline,IOPS_175,7271,0.0
earthgeckoSkyline,IOPS_175,7272,0.0
earthgeckoSkyline,IOPS_175,7273,0.0
earthgeckoSkyline,IOPS_175,7274,0.0
earthgeckoSkyline,IOPS_175,7275,0.0
earthgeckoSkyline,IOPS_175,7276,0.0
earthgeckoSkyline,IOPS_175,7277,0.0
earthgeckoSkyline,IOPS_175,7278,0.0
earthgeckoSkyline,IOPS_175,7279,0.0
earthgeckoSkyline,IOPS_175,7280,0.0
earthgeckoSkyline,IOPS_175,7281,0.0
earthgeckoSkyline,IOPS_175,7282,0.0
earthgeckoSkyline,IOPS_175,7283,0.0
earthgeckoSkyline,IOPS_175,7284,0.0
earthgeckoSkyline,IOPS_175,7285,0.0
earthgeckoSkyline,IOPS_175,7286,0.0
earthgeckoSkyline,IOPS_175,7287,0.0
earthgeckoSkyline,IOPS_175,7288,0.0
earthgeckoSkyline,IOPS_175,7289,0.0
earthgeckoSkyline,IOPS_175,7290,0.0
earthgeckoSkyline,IOPS_175,7291,0.0
earthgeckoSkyline,IOPS_175,7292,0.0
earthgeckoSkyline,IOPS_175,7293,0.0
earthgeckoSkyline,IOPS_175,7294,0.0
earthgeckoSkyline,IOPS_175,7295,0.0
earthgeckoSkyline,IOPS_175,7296,0.0
earthgeckoSkyline,IOPS_175,7297,0.0
earthgeckoSkyline,IOPS_175,7298,0.0
earthgeckoSkyline,IOPS_175,7299,0.0
earthgeckoSkyline,IOPS_175,7300,0.0
earthgeckoSkyline,IOPS_175,7301,0.0
earthgeckoSkyline,IOPS_175,7302,0.0
earthgeckoSkyline,IOPS_175,7303,0.0
earthgeckoSkyline,IOPS_175,7304,0.0
earthgeckoSkyline,IOPS_175,7305,0.0
earthgeckoSkyline,IOPS_175,7306,0.0
earthgeckoSkyline,IOPS_175,7307,0.0
earthgeckoSkyline,IOPS_175,7308,0.0
earthgeckoSkyline,IOPS_175,7309,0.0
earthgeckoSkyline,IOPS_175,7310,0.0
earthgeckoSkyline,IOPS_175,7311,0.0
earthgeckoSkyline,IOPS_175,7312,0.0
earthgeckoSkyline,IOPS_175,7313,0.0
earthgeckoSkyline,IOPS_175,7314,0.0
earthgeckoSkyline,IOPS_175,7315,0.0
earthgeckoSkyline,IOPS_175,7316,0.0
earthgeckoSkyline,IOPS_175,7317,0.0
earthgeckoSkyline,IOPS_175,7318,0.0
earthgeckoSkyline,IOPS_175,7319,0.0
earthgeckoSkyline,IOPS_175,7320,0.0
earthgeckoSkyline,IOPS_175,7321,0.0
earthgeckoSkyline,IOPS_175,7322,0.0
earthgeckoSkyline,IOPS_175,7323,0.0
earthgeckoSkyline,IOPS_175,7324,0.0
earthgeckoSkyline,IOPS_175,7325,0.0
earthgeckoSkyline,IOPS_175,7326,0.0
earthgeckoSkyline,IOPS_175,7327,0.0
earthgeckoSkyline,IOPS_175,7328,0.0
earthgeckoSkyline,IOPS_175,7329,0.0
earthgeckoSkyline,IOPS_175,7330,0.0
earthgeckoSkyline,IOPS_175,7331,0.0
earthgeckoSkyline,IOPS_175,7332,0.0
earthgeckoSkyline,IOPS_175,7333,0.0
earthgeckoSkyline,IOPS_175,7334,0.0
earthgeckoSkyline,IOPS_175,7335,0.0
earthgeckoSkyline,IOPS_175,7336,0.0
earthgeckoSkyline,IOPS_175,7337,0.0
earthgeckoSkyline,IOPS_175,7338,0.0
earthgeckoSkyline,IOPS_175,7339,0.0
earthgeckoSkyline,IOPS_175,7340,0.0
earthgeckoSkyline,IOPS_175,7341,0.0
earthgeckoSkyline,IOPS_175,7342,0.0
earthgeckoSkyline,IOPS_175,7343,0.0
earthgeckoSkyline,IOPS_175,7344,0.0
earthgeckoSkyline,IOPS_175,7345,0.0
earthgeckoSkyline,IOPS_175,7346,0.0
earthgeckoSkyline,IOPS_175,7347,0.0
earthgeckoSkyline,IOPS_175,7348,0.0
earthgeckoSkyline,IOPS_175,7349,0.0
earthgeckoSkyline,IOPS_175,7350,0.0
earthgeckoSkyline,IOPS_175,7351,0.0
earthgeckoSkyline,IOPS_175,7352,0.0
earthgeckoSkyline,IOPS_175,7353,0.0
earthgeckoSkyline,IOPS_175,7354,0.0
earthgeckoSkyline,IOPS_175,7355,0.0
earthgeckoSkyline,IOPS_175,7356,0.0
earthgeckoSkyline,IOPS_175,7357,0.0
earthgeckoSkyline,IOPS_175,7358,0.0
earthgeckoSkyline,IOPS_175,7359,0.0
earthgeckoSkyline,IOPS_175,7360,0.0
earthgeckoSkyline,IOPS_175,7361,0.0
earthgeckoSkyline,IOPS_175,7362,0.0
earthgeckoSkyline,IOPS_175,7363,0.0
earthgeckoSkyline,IOPS_175,7364,0.0
earthgeckoSkyline,IOPS_175,7365,0.0
earthgeckoSkyline,IOPS_175,7366,0.0
earthgeckoSkyline,IOPS_175,7367,0.0
earthgeckoSkyline,IOPS_175,7368,0.0
earthgeckoSkyline,IOPS_175,7369,0.0
earthgeckoSkyline,IOPS_175,7370,0.0
earthgeckoSkyline,IOPS_175,7371,0.0
earthgeckoSkyline,IOPS_175,7372,0.0
earthgeckoSkyline,IOPS_175,7373,0.0
earthgeckoSkyline,IOPS_175,7374,0.0
earthgeckoSkyline,IOPS_175,7375,0.0
earthgeckoSkyline,IOPS_175,7376,0.0
earthgeckoSkyline,IOPS_175,7377,0.0
earthgeckoSkyline,IOPS_175,7378,0.0
earthgeckoSkyline,IOPS_175,7379,0.0
earthgeckoSkyline,IOPS_175,7380,0.0
earthgeckoSkyline,IOPS_175,7381,0.0
earthgeckoSkyline,IOPS_175,7382,0.0
earthgeckoSkyline,IOPS_175,7383,0.0
earthgeckoSkyline,IOPS_175,7384,0.0
earthgeckoSkyline,IOPS_175,7385,0.0
earthgeckoSkyline,IOPS_175,7386,0.0
earthgeckoSkyline,IOPS_175,7387,0.0
earthgeckoSkyline,IOPS_175,7388,0.0
earthgeckoSkyline,IOPS_175,7389,0.0
earthgeckoSkyline,IOPS_175,7390,0.0
earthgeckoSkyline,IOPS_175,7391,0.0
earthgeckoSkyline,IOPS_175,7392,0.0
earthgeckoSkyline,IOPS_175,7393,0.0
earthgeckoSkyline,IOPS_175,7394,0.0
earthgeckoSkyline,IOPS_175,7395,0.0
earthgeckoSkyline,IOPS_175,7396,0.0
earthgeckoSkyline,IOPS_175,7397,0.0
earthgeckoSkyline,IOPS_175,7398,0.0
earthgeckoSkyline,IOPS_175,7399,0.0
earthgeckoSkyline,IOPS_175,7400,0.0
earthgeckoSkyline,IOPS_175,7401,0.0
earthgeckoSkyline,IOPS_175,7402,0.0
earthgeckoSkyline,IOPS_175,7403,0.0
earthgeckoSkyline,IOPS_175,7404,0.0
earthgeckoSkyline,IOPS_175,7405,0.0
earthgeckoSkyline,IOPS_175,7406,0.0
earthgeckoSkyline,IOPS_175,7407,0.0
earthgeckoSkyline,IOPS_175,7408,0.0
earthgeckoSkyline,IOPS_175,7409,0.0
earthgeckoSkyline,IOPS_175,7410,0.0
earthgeckoSkyline,IOPS_175,7411,0.0
earthgeckoSkyline,IOPS_175,7412,0.0
earthgeckoSkyline,IOPS_175,7413,0.0
earthgeckoSkyline,IOPS_175,7414,0.0
earthgeckoSkyline,IOPS_175,7415,0.0
earthgeckoSkyline,IOPS_175,7416,0.0
earthgeckoSkyline,IOPS_175,7417,0.0
earthgeckoSkyline,IOPS_175,7418,0.0
earthgeckoSkyline,IOPS_175,7419,0.0
earthgeckoSkyline,IOPS_175,7420,0.0
earthgeckoSkyline,IOPS_175,7421,0.0
earthgeckoSkyline,IOPS_175,7422,0.0
earthgeckoSkyline,IOPS_175,7423,0.0
earthgeckoSkyline,IOPS_175,7424,0.0
earthgeckoSkyline,IOPS_175,7425,0.0
earthgeckoSkyline,IOPS_175,7426,0.0
earthgeckoSkyline,IOPS_175,7427,0.0
earthgeckoSkyline,IOPS_175,7428,0.0
earthgeckoSkyline,IOPS_175,7429,0.0
earthgeckoSkyline,IOPS_175,7430,0.0
earthgeckoSkyline,IOPS_175,7431,0.0
earthgeckoSkyline,IOPS_175,7432,0.0
earthgeckoSkyline,IOPS_175,7433,0.0
earthgeckoSkyline,IOPS_175,7434,0.0
earthgeckoSkyline,IOPS_175,7435,0.0
earthgeckoSkyline,IOPS_175,7436,0.0
earthgeckoSkyline,IOPS_175,7437,0.0
earthgeckoSkyline,IOPS_175,7438,0.0
earthgeckoSkyline,IOPS_175,7439,0.0
earthgeckoSkyline,IOPS_175,7440,0.0
earthgeckoSkyline,IOPS_175,7441,0.0
earthgeckoSkyline,IOPS_175,7442,0.0
earthgeckoSkyline,IOPS_175,7443,0.0
earthgeckoSkyline,IOPS_175,7444,0.0
earthgeckoSkyline,IOPS_175,7445,0.0
earthgeckoSkyline,IOPS_175,7446,0.0
earthgeckoSkyline,IOPS_175,7447,0.0
earthgeckoSkyline,IOPS_175,7448,0.0
earthgeckoSkyline,IOPS_175,7449,0.0
earthgeckoSkyline,IOPS_175,7450,0.0
earthgeckoSkyline,IOPS_175,7451,0.0
earthgeckoSkyline,IOPS_175,7452,0.0
earthgeckoSkyline,IOPS_175,7453,0.0
earthgeckoSkyline,IOPS_175,7454,0.0
earthgeckoSkyline,IOPS_175,7455,0.0
earthgeckoSkyline,IOPS_175,7456,0.0
earthgeckoSkyline,IOPS_175,7457,0.0
earthgeckoSkyline,IOPS_175,7458,0.0
earthgeckoSkyline,IOPS_175,7459,0.0
earthgeckoSkyline,IOPS_175,7460,0.0
earthgeckoSkyline,IOPS_175,7461,0.0
earthgeckoSkyline,IOPS_175,7462,0.0
earthgeckoSkyline,IOPS_175,7463,0.0
earthgeckoSkyline,IOPS_175,7464,0.0
earthgeckoSkyline,IOPS_175,7465,0.0
earthgeckoSkyline,IOPS_175,7466,0.0
earthgeckoSkyline,IOPS_175,7467,0.0
earthgeckoSkyline,IOPS_175,7468,0.0
earthgeckoSkyline,IOPS_175,7469,0.0
earthgeckoSkyline,IOPS_175,7470,0.0
earthgeckoSkyline,IOPS_175,7471,0.0
earthgeckoSkyline,IOPS_175,7472,0.0
earthgeckoSkyline,IOPS_175,7473,0.0
earthgeckoSkyline,IOPS_175,7474,0.0
earthgeckoSkyline,IOPS_175,7475,0.0
earthgeckoSkyline,IOPS_175,7476,0.0
earthgeckoSkyline,IOPS_175,7477,0.0
earthgeckoSkyline,IOPS_175,7478,0.0
earthgeckoSkyline,IOPS_175,7479,0.0
earthgeckoSkyline,IOPS_175,7480,0.0
earthgeckoSkyline,IOPS_175,7481,0.0
earthgeckoSkyline,IOPS_175,7482,0.0
earthgeckoSkyline,IOPS_175,7483,0.0
earthgeckoSkyline,IOPS_175,7484,0.0
earthgeckoSkyline,IOPS_175,7485,0.0
earthgeckoSkyline,IOPS_175,7486,0.0
earthgeckoSkyline,IOPS_175,7487,0.0
earthgeckoSkyline,IOPS_175,7488,0.0
earthgeckoSkyline,IOPS_175,7489,0.0
earthgeckoSkyline,IOPS_175,7490,0.0
earthgeckoSkyline,IOPS_175,7491,0.0
earthgeckoSkyline,IOPS_175,7492,0.0
earthgeckoSkyline,IOPS_175,7493,0.0
earthgeckoSkyline,IOPS_175,7494,0.0
earthgeckoSkyline,IOPS_175,7495,0.0
earthgeckoSkyline,IOPS_175,7496,0.0
earthgeckoSkyline,IOPS_175,7497,0.0
earthgeckoSkyline,IOPS_175,7498,0.0
earthgeckoSkyline,IOPS_175,7499,0.0
earthgeckoSkyline,IOPS_175,7500,0.0
earthgeckoSkyline,IOPS_175,7501,0.0
earthgeckoSkyline,IOPS_175,7502,0.0
earthgeckoSkyline,IOPS_175,7503,0.0
earthgeckoSkyline,IOPS_175,7504,0.0
earthgeckoSkyline,IOPS_175,7505,0.0
earthgeckoSkyline,IOPS_175,7506,0.0
earthgeckoSkyline,IOPS_175,7507,0.0
earthgeckoSkyline,IOPS_175,7508,0.0
earthgeckoSkyline,IOPS_175,7509,0.0
earthgeckoSkyline,IOPS_175,7510,0.0
earthgeckoSkyline,IOPS_175,7511,0.0
earthgeckoSkyline,IOPS_175,7512,0.0
earthgeckoSkyline,IOPS_175,7513,0.0
earthgeckoSkyline,IOPS_175,7514,0.0
earthgeckoSkyline,IOPS_175,7515,0.0
earthgeckoSkyline,IOPS_175,7516,0.0
earthgeckoSkyline,IOPS_175,7517,0.0
earthgeckoSkyline,IOPS_175,7518,0.0
earthgeckoSkyline,IOPS_175,7519,0.0
earthgeckoSkyline,IOPS_175,7520,0.0
earthgeckoSkyline,IOPS_175,7521,0.0
earthgeckoSkyline,IOPS_175,7522,0.0
earthgeckoSkyline,IOPS_175,7523,0.0
earthgeckoSkyline,IOPS_175,7524,0.0
earthgeckoSkyline,IOPS_175,7525,0.0
earthgeckoSkyline,IOPS_175,7526,0.0
earthgeckoSkyline,IOPS_175,7527,0.0
earthgeckoSkyline,IOPS_175,7528,0.0
earthgeckoSkyline,IOPS_175,7529,0.0
earthgeckoSkyline,IOPS_175,7530,0.0
earthgeckoSkyline,IOPS_175,7531,0.0
earthgeckoSkyline,IOPS_175,7532,0.0
earthgeckoSkyline,IOPS_175,7533,0.0
earthgeckoSkyline,IOPS_175,7534,0.0
earthgeckoSkyline,IOPS_175,7535,0.0
earthgeckoSkyline,IOPS_175,7536,0.0
earthgeckoSkyline,IOPS_175,7537,0.0
earthgeckoSkyline,IOPS_175,7538,0.0
earthgeckoSkyline,IOPS_175,7539,0.0
earthgeckoSkyline,IOPS_175,7540,0.0
earthgeckoSkyline,IOPS_175,7541,0.0
earthgeckoSkyline,IOPS_175,7542,0.0
earthgeckoSkyline,IOPS_175,7543,0.0
earthgeckoSkyline,IOPS_175,7544,0.0
earthgeckoSkyline,IOPS_175,7545,0.0
earthgeckoSkyline,IOPS_175,7546,0.0
earthgeckoSkyline,IOPS_175,7547,0.0
earthgeckoSkyline,IOPS_175,7548,0.0
earthgeckoSkyline,IOPS_175,7549,0.0
earthgeckoSkyline,IOPS_175,7550,0.0
earthgeckoSkyline,IOPS_175,7551,0.0
earthgeckoSkyline,IOPS_175,7552,0.0
earthgeckoSkyline,IOPS_175,7553,0.0
earthgeckoSkyline,IOPS_175,7554,0.0
earthgeckoSkyline,IOPS_175,7555,0.0
earthgeckoSkyline,IOPS_175,7556,0.0
earthgeckoSkyline,IOPS_175,7557,0.0
earthgeckoSkyline,IOPS_175,7558,0.0
earthgeckoSkyline,IOPS_175,7559,0.0
earthgeckoSkyline,IOPS_175,7560,0.0
earthgeckoSkyline,IOPS_175,7561,0.0
earthgeckoSkyline,IOPS_175,7562,0.0
earthgeckoSkyline,IOPS_175,7563,0.0
earthgeckoSkyline,IOPS_175,7564,0.0
earthgeckoSkyline,IOPS_175,7565,0.0
earthgeckoSkyline,IOPS_175,7566,0.0
earthgeckoSkyline,IOPS_175,7567,0.0
earthgeckoSkyline,IOPS_175,7568,0.0
earthgeckoSkyline,IOPS_175,7569,0.0
earthgeckoSkyline,IOPS_175,7570,0.0
earthgeckoSkyline,IOPS_175,7571,0.0
earthgeckoSkyline,IOPS_175,7572,0.0
earthgeckoSkyline,IOPS_175,7573,0.0
earthgeckoSkyline,IOPS_175,7574,0.0
earthgeckoSkyline,IOPS_175,7575,0.0
earthgeckoSkyline,IOPS_175,7576,0.0
earthgeckoSkyline,IOPS_175,7577,0.0
earthgeckoSkyline,IOPS_175,7578,0.0
earthgeckoSkyline,IOPS_175,7579,0.0
earthgeckoSkyline,IOPS_175,7580,0.0
earthgeckoSkyline,IOPS_175,7581,0.0
earthgeckoSkyline,IOPS_175,7582,0.0
earthgeckoSkyline,IOPS_175,7583,0.0
earthgeckoSkyline,IOPS_175,7584,0.0
earthgeckoSkyline,IOPS_175,7585,0.0
earthgeckoSkyline,IOPS_175,7586,0.0
earthgeckoSkyline,IOPS_175,7587,0.0
earthgeckoSkyline,IOPS_175,7588,0.0
earthgeckoSkyline,IOPS_175,7589,0.0
earthgeckoSkyline,IOPS_175,7590,0.0
earthgeckoSkyline,IOPS_175,7591,0.0
earthgeckoSkyline,IOPS_175,7592,0.0
earthgeckoSkyline,IOPS_175,7593,0.0
earthgeckoSkyline,IOPS_175,7594,0.0
earthgeckoSkyline,IOPS_175,7595,0.0
earthgeckoSkyline,IOPS_175,7596,0.0
earthgeckoSkyline,IOPS_175,7597,0.0
earthgeckoSkyline,IOPS_175,7598,0.0
earthgeckoSkyline,IOPS_175,7599,0.0
earthgeckoSkyline,IOPS_175,7600,0.0
earthgeckoSkyline,IOPS_175,7601,0.0
earthgeckoSkyline,IOPS_175,7602,0.0
earthgeckoSkyline,IOPS_175,7603,0.0
earthgeckoSkyline,IOPS_175,7604,0.0
earthgeckoSkyline,IOPS_175,7605,0.0
earthgeckoSkyline,IOPS_175,7606,0.0
earthgeckoSkyline,IOPS_175,7607,0.0
earthgeckoSkyline,IOPS_175,7608,0.0
earthgeckoSkyline,IOPS_175,7609,0.0
earthgeckoSkyline,IOPS_175,7610,0.0
earthgeckoSkyline,IOPS_175,7611,0.0
earthgeckoSkyline,IOPS_175,7612,0.0
earthgeckoSkyline,IOPS_175,7613,0.0
earthgeckoSkyline,IOPS_175,7614,0.0
earthgeckoSkyline,IOPS_175,7615,0.0
earthgeckoSkyline,IOPS_175,7616,0.0
earthgeckoSkyline,IOPS_175,7617,0.0
earthgeckoSkyline,IOPS_175,7618,0.0
earthgeckoSkyline,IOPS_175,7619,0.0
earthgeckoSkyline,IOPS_175,7620,0.0
earthgeckoSkyline,IOPS_175,7621,0.0
earthgeckoSkyline,IOPS_175,7622,0.0
earthgeckoSkyline,IOPS_175,7623,0.0
earthgeckoSkyline,IOPS_175,7624,0.0
earthgeckoSkyline,IOPS_175,7625,0.0
earthgeckoSkyline,IOPS_175,7626,0.0
earthgeckoSkyline,IOPS_175,7627,0.0
earthgeckoSkyline,IOPS_175,7628,0.0
earthgeckoSkyline,IOPS_175,7629,0.0
earthgeckoSkyline,IOPS_175,7630,0.0
earthgeckoSkyline,IOPS_175,7631,0.0
earthgeckoSkyline,IOPS_175,7632,0.0
earthgeckoSkyline,IOPS_175,7633,0.0
earthgeckoSkyline,IOPS_175,7634,0.0
earthgeckoSkyline,IOPS_175,7635,0.0
earthgeckoSkyline,IOPS_175,7636,0.0
earthgeckoSkyline,IOPS_175,7637,0.0
earthgeckoSkyline,IOPS_175,7638,0.0
earthgeckoSkyline,IOPS_175,7639,0.0
earthgeckoSkyline,IOPS_175,7640,0.0
earthgeckoSkyline,IOPS_175,7641,0.0
earthgeckoSkyline,IOPS_175,7642,0.0
earthgeckoSkyline,IOPS_175,7643,0.0
earthgeckoSkyline,IOPS_175,7644,0.0
earthgeckoSkyline,IOPS_175,7645,0.0
earthgeckoSkyline,IOPS_175,7646,0.0
earthgeckoSkyline,IOPS_175,7647,0.0
earthgeckoSkyline,IOPS_175,7648,0.0
earthgeckoSkyline,IOPS_175,7649,0.0
earthgeckoSkyline,IOPS_175,7650,0.0
earthgeckoSkyline,IOPS_175,7651,0.0
earthgeckoSkyline,IOPS_175,7652,0.0
earthgeckoSkyline,IOPS_175,7653,0.0
earthgeckoSkyline,IOPS_175,7654,0.0
earthgeckoSkyline,IOPS_175,7655,0.0
earthgeckoSkyline,IOPS_175,7656,0.0
earthgeckoSkyline,IOPS_175,7657,0.0
earthgeckoSkyline,IOPS_175,7658,0.0
earthgeckoSkyline,IOPS_175,7659,0.0
earthgeckoSkyline,IOPS_175,7660,0.0
earthgeckoSkyline,IOPS_175,7661,0.0
earthgeckoSkyline,IOPS_175,7662,0.0
earthgeckoSkyline,IOPS_175,7663,0.0
earthgeckoSkyline,IOPS_175,7664,0.0
earthgeckoSkyline,IOPS_175,7665,0.0
earthgeckoSkyline,IOPS_175,7666,0.0
earthgeckoSkyline,IOPS_175,7667,0.0
earthgeckoSkyline,IOPS_175,7668,0.0
earthgeckoSkyline,IOPS_175,7669,0.0
earthgeckoSkyline,IOPS_175,7670,0.0
earthgeckoSkyline,IOPS_175,7671,0.0
earthgeckoSkyline,IOPS_175,7672,0.0
earthgeckoSkyline,IOPS_175,7673,0.0
earthgeckoSkyline,IOPS_175,7674,0.0
earthgeckoSkyline,IOPS_175,7675,0.0
earthgeckoSkyline,IOPS_175,7676,0.0
earthgeckoSkyline,IOPS_175,7677,0.0
earthgeckoSkyline,IOPS_175,7678,0.0
earthgeckoSkyline,IOPS_175,7679,0.0
earthgeckoSkyline,IOPS_175,7680,0.0
earthgeckoSkyline,IOPS_175,7681,0.0
earthgeckoSkyline,IOPS_175,7682,0.0
earthgeckoSkyline,IOPS_175,7683,0.0
earthgeckoSkyline,IOPS_175,7684,0.0
earthgeckoSkyline,IOPS_175,7685,0.0
earthgeckoSkyline,IOPS_175,7686,0.0
earthgeckoSkyline,IOPS_175,7687,0.0
earthgeckoSkyline,IOPS_175,7688,0.0
earthgeckoSkyline,IOPS_175,7689,0.0
earthgeckoSkyline,IOPS_175,7690,0.0
earthgeckoSkyline,IOPS_175,7691,0.0
earthgeckoSkyline,IOPS_175,7692,0.0
earthgeckoSkyline,IOPS_175,7693,0.0
earthgeckoSkyline,IOPS_175,7694,0.0
earthgeckoSkyline,IOPS_175,7695,0.0
earthgeckoSkyline,IOPS_175,7696,0.0
earthgeckoSkyline,IOPS_175,7697,0.0
earthgeckoSkyline,IOPS_175,7698,0.0
earthgeckoSkyline,IOPS_175,7699,0.0
earthgeckoSkyline,IOPS_175,7700,0.0
earthgeckoSkyline,IOPS_175,7701,0.0
earthgeckoSkyline,IOPS_175,7702,0.0
earthgeckoSkyline,IOPS_175,7703,0.0
earthgeckoSkyline,IOPS_175,7704,0.0
earthgeckoSkyline,IOPS_175,7705,0.0
earthgeckoSkyline,IOPS_175,7706,0.0
earthgeckoSkyline,IOPS_175,7707,0.0
earthgeckoSkyline,IOPS_175,7708,0.0
earthgeckoSkyline,IOPS_175,7709,0.0
earthgeckoSkyline,IOPS_175,7710,0.0
earthgeckoSkyline,IOPS_175,7711,0.0
earthgeckoSkyline,IOPS_175,7712,0.0
earthgeckoSkyline,IOPS_175,7713,0.0
earthgeckoSkyline,IOPS_175,7714,0.0
earthgeckoSkyline,IOPS_175,7715,0.0
earthgeckoSkyline,IOPS_175,7716,0.0
earthgeckoSkyline,IOPS_175,7717,0.0
earthgeckoSkyline,IOPS_175,7718,0.0
earthgeckoSkyline,IOPS_175,7719,0.0
earthgeckoSkyline,IOPS_175,7720,0.0
earthgeckoSkyline,IOPS_175,7721,0.0
earthgeckoSkyline,IOPS_175,7722,0.0
earthgeckoSkyline,IOPS_175,7723,0.0
earthgeckoSkyline,IOPS_175,7724,0.0
earthgeckoSkyline,IOPS_175,7725,0.0
earthgeckoSkyline,IOPS_175,7726,0.0
earthgeckoSkyline,IOPS_175,7727,0.0
earthgeckoSkyline,IOPS_175,7728,0.0
earthgeckoSkyline,IOPS_175,7729,0.0
earthgeckoSkyline,IOPS_175,7730,0.0
earthgeckoSkyline,IOPS_175,7731,0.0
earthgeckoSkyline,IOPS_175,7732,0.0
earthgeckoSkyline,IOPS_175,7733,0.0
earthgeckoSkyline,IOPS_175,7734,0.0
earthgeckoSkyline,IOPS_175,7735,0.0
earthgeckoSkyline,IOPS_175,7736,0.0
earthgeckoSkyline,IOPS_175,7737,0.0
earthgeckoSkyline,IOPS_175,7738,0.0
earthgeckoSkyline,IOPS_175,7739,0.0
earthgeckoSkyline,IOPS_175,7740,0.0
earthgeckoSkyline,IOPS_175,7741,0.0
earthgeckoSkyline,IOPS_175,7742,0.0
earthgeckoSkyline,IOPS_175,7743,0.0
earthgeckoSkyline,IOPS_175,7744,0.0
earthgeckoSkyline,IOPS_175,7745,0.0
earthgeckoSkyline,IOPS_175,7746,0.0
earthgeckoSkyline,IOPS_175,7747,0.0
earthgeckoSkyline,IOPS_175,7748,0.0
earthgeckoSkyline,IOPS_175,7749,0.0
earthgeckoSkyline,IOPS_175,7750,0.0
earthgeckoSkyline,IOPS_175,7751,0.0
earthgeckoSkyline,IOPS_175,7752,0.0
earthgeckoSkyline,IOPS_175,7753,0.0
earthgeckoSkyline,IOPS_175,7754,0.0
earthgeckoSkyline,IOPS_175,7755,0.0
earthgeckoSkyline,IOPS_175,7756,0.0
earthgeckoSkyline,IOPS_175,7757,0.0
earthgeckoSkyline,IOPS_175,7758,0.0
earthgeckoSkyline,IOPS_175,7759,0.0
earthgeckoSkyline,IOPS_175,7760,0.0
earthgeckoSkyline,IOPS_175,7761,0.0
earthgeckoSkyline,IOPS_175,7762,0.0
earthgeckoSkyline,IOPS_175,7763,0.0
earthgeckoSkyline,IOPS_175,7764,0.0
earthgeckoSkyline,IOPS_175,7765,0.0
earthgeckoSkyline,IOPS_175,7766,0.0
earthgeckoSkyline,IOPS_175,7767,0.0
earthgeckoSkyline,IOPS_175,7768,0.0
earthgeckoSkyline,IOPS_175,7769,0.0
earthgeckoSkyline,IOPS_175,7770,0.0
earthgeckoSkyline,IOPS_175,7771,0.0
earthgeckoSkyline,IOPS_175,7772,0.0
earthgeckoSkyline,IOPS_175,7773,0.0
earthgeckoSkyline,IOPS_175,7774,0.0
earthgeckoSkyline,IOPS_175,7775,0.0
earthgeckoSkyline,IOPS_175,7776,0.0
earthgeckoSkyline,IOPS_175,7777,0.0
earthgeckoSkyline,IOPS_175,7778,0.0
earthgeckoSkyline,IOPS_175,7779,0.0
earthgeckoSkyline,IOPS_175,7780,0.0
earthgeckoSkyline,IOPS_175,7781,0.0
earthgeckoSkyline,IOPS_175,7782,0.0
earthgeckoSkyline,IOPS_175,7783,0.0
earthgeckoSkyline,IOPS_175,7784,0.0
earthgeckoSkyline,IOPS_175,7785,0.0
earthgeckoSkyline,IOPS_175,7786,0.0
earthgeckoSkyline,IOPS_175,7787,0.0
earthgeckoSkyline,IOPS_175,7788,0.0
earthgeckoSkyline,IOPS_175,7789,0.0
earthgeckoSkyline,IOPS_175,7790,0.0
earthgeckoSkyline,IOPS_175,7791,0.0
earthgeckoSkyline,IOPS_175,7792,0.0
earthgeckoSkyline,IOPS_175,7793,0.0
earthgeckoSkyline,IOPS_175,7794,0.0
earthgeckoSkyline,IOPS_175,7795,0.0
earthgeckoSkyline,IOPS_175,7796,0.0
earthgeckoSkyline,IOPS_175,7797,0.0
earthgeckoSkyline,IOPS_175,7798,0.0
earthgeckoSkyline,IOPS_175,7799,0.0
earthgeckoSkyline,IOPS_175,7800,0.0
earthgeckoSkyline,IOPS_175,7801,0.0
earthgeckoSkyline,IOPS_175,7802,0.0
earthgeckoSkyline,IOPS_175,7803,0.0
earthgeckoSkyline,IOPS_175,7804,0.0
earthgeckoSkyline,IOPS_175,7805,0.0
earthgeckoSkyline,IOPS_175,7806,0.0
earthgeckoSkyline,IOPS_175,7807,0.0
earthgeckoSkyline,IOPS_175,7808,0.0
earthgeckoSkyline,IOPS_175,7809,0.0
earthgeckoSkyline,IOPS_175,7810,0.0
earthgeckoSkyline,IOPS_175,7811,0.0
earthgeckoSkyline,IOPS_175,7812,0.0
earthgeckoSkyline,IOPS_175,7813,0.0
earthgeckoSkyline,IOPS_175,7814,0.0
earthgeckoSkyline,IOPS_175,7815,0.0
earthgeckoSkyline,IOPS_175,7816,0.0
earthgeckoSkyline,IOPS_175,7817,0.0
earthgeckoSkyline,IOPS_175,7818,0.0
earthgeckoSkyline,IOPS_175,7819,0.0
earthgeckoSkyline,IOPS_175,7820,0.0
earthgeckoSkyline,IOPS_175,7821,0.0
earthgeckoSkyline,IOPS_175,7822,0.0
earthgeckoSkyline,IOPS_175,7823,0.0
earthgeckoSkyline,IOPS_175,7824,0.0
earthgeckoSkyline,IOPS_175,7825,0.0
earthgeckoSkyline,IOPS_175,7826,0.0
earthgeckoSkyline,IOPS_175,7827,0.0
earthgeckoSkyline,IOPS_175,7828,0.0
earthgeckoSkyline,IOPS_175,7829,0.0
earthgeckoSkyline,IOPS_175,7830,0.0
earthgeckoSkyline,IOPS_175,7831,0.0
earthgeckoSkyline,IOPS_175,7832,0.0
earthgeckoSkyline,IOPS_175,7833,0.0
earthgeckoSkyline,IOPS_175,7834,0.0
earthgeckoSkyline,IOPS_175,7835,0.0
earthgeckoSkyline,IOPS_175,7836,0.0
earthgeckoSkyline,IOPS_175,7837,0.0
earthgeckoSkyline,IOPS_175,7838,0.0
earthgeckoSkyline,IOPS_175,7839,0.0
earthgeckoSkyline,IOPS_175,7840,0.0
earthgeckoSkyline,IOPS_175,7841,0.0
earthgeckoSkyline,IOPS_175,7842,0.0
earthgeckoSkyline,IOPS_175,7843,0.0
earthgeckoSkyline,IOPS_175,7844,0.0
earthgeckoSkyline,IOPS_175,7845,0.0
earthgeckoSkyline,IOPS_175,7846,0.0
earthgeckoSkyline,IOPS_175,7847,0.0
earthgeckoSkyline,IOPS_175,7848,0.0
earthgeckoSkyline,IOPS_175,7849,0.0
earthgeckoSkyline,IOPS_175,7850,0.0
earthgeckoSkyline,IOPS_175,7851,0.0
earthgeckoSkyline,IOPS_175,7852,0.0
earthgeckoSkyline,IOPS_175,7853,0.0
earthgeckoSkyline,IOPS_175,7854,0.0
earthgeckoSkyline,IOPS_175,7855,0.0
earthgeckoSkyline,IOPS_175,7856,0.0
earthgeckoSkyline,IOPS_175,7857,0.0
earthgeckoSkyline,IOPS_175,7858,0.0
earthgeckoSkyline,IOPS_175,7859,0.0
earthgeckoSkyline,IOPS_175,7860,0.0
earthgeckoSkyline,IOPS_175,7861,0.0
earthgeckoSkyline,IOPS_175,7862,0.0
earthgeckoSkyline,IOPS_175,7863,0.0
earthgeckoSkyline,IOPS_175,7864,0.0
earthgeckoSkyline,IOPS_175,7865,0.0
earthgeckoSkyline,IOPS_175,7866,0.0
earthgeckoSkyline,IOPS_175,7867,0.0
earthgeckoSkyline,IOPS_175,7868,0.0
earthgeckoSkyline,IOPS_175,7869,0.0
earthgeckoSkyline,IOPS_175,7870,0.0
earthgeckoSkyline,IOPS_175,7871,0.0
earthgeckoSkyline,IOPS_175,7872,0.0
earthgeckoSkyline,IOPS_175,7873,0.0
earthgeckoSkyline,IOPS_175,7874,0.0
earthgeckoSkyline,IOPS_175,7875,0.0
earthgeckoSkyline,IOPS_175,7876,0.0
earthgeckoSkyline,IOPS_175,7877,0.0
earthgeckoSkyline,IOPS_175,7878,0.0
earthgeckoSkyline,IOPS_175,7879,0.0
earthgeckoSkyline,IOPS_175,7880,0.0
earthgeckoSkyline,IOPS_175,7881,0.0
earthgeckoSkyline,IOPS_175,7882,0.0
earthgeckoSkyline,IOPS_175,7883,0.0
earthgeckoSkyline,IOPS_175,7884,0.0
earthgeckoSkyline,IOPS_175,7885,0.0
earthgeckoSkyline,IOPS_175,7886,0.0
earthgeckoSkyline,IOPS_175,7887,0.0
earthgeckoSkyline,IOPS_175,7888,0.0
earthgeckoSkyline,IOPS_175,7889,0.0
earthgeckoSkyline,IOPS_175,7890,0.0
earthgeckoSkyline,IOPS_175,7891,0.0
earthgeckoSkyline,IOPS_175,7892,0.0
earthgeckoSkyline,IOPS_175,7893,0.0
earthgeckoSkyline,IOPS_175,7894,0.0
earthgeckoSkyline,IOPS_175,7895,0.0
earthgeckoSkyline,IOPS_175,7896,0.0
earthgeckoSkyline,IOPS_175,7897,0.0
earthgeckoSkyline,IOPS_175,7898,0.0
earthgeckoSkyline,IOPS_175,7899,0.0
earthgeckoSkyline,IOPS_175,7900,0.0
earthgeckoSkyline,IOPS_175,7901,0.0
earthgeckoSkyline,IOPS_175,7902,0.0
earthgeckoSkyline,IOPS_175,7903,0.0
earthgeckoSkyline,IOPS_175,7904,0.0
earthgeckoSkyline,IOPS_175,7905,0.0
earthgeckoSkyline,IOPS_175,7906,0.0
earthgeckoSkyline,IOPS_175,7907,0.0
earthgeckoSkyline,IOPS_175,7908,0.0
earthgeckoSkyline,IOPS_175,7909,0.0
earthgeckoSkyline,IOPS_175,7910,0.0
earthgeckoSkyline,IOPS_175,7911,0.0
earthgeckoSkyline,IOPS_175,7912,0.0
earthgeckoSkyline,IOPS_175,7913,0.0
earthgeckoSkyline,IOPS_175,7914,0.0
earthgeckoSkyline,IOPS_175,7915,0.0
earthgeckoSkyline,IOPS_175,7916,0.0
earthgeckoSkyline,IOPS_175,7917,0.0
earthgeckoSkyline,IOPS_175,7918,0.0
earthgeckoSkyline,IOPS_175,7919,0.0
earthgeckoSkyline,IOPS_175,7920,0.0
earthgeckoSkyline,IOPS_175,7921,0.0
earthgeckoSkyline,IOPS_175,7922,0.0
earthgeckoSkyline,IOPS_175,7923,0.0
earthgeckoSkyline,IOPS_175,7924,0.0
earthgeckoSkyline,IOPS_175,7925,0.0
earthgeckoSkyline,IOPS_175,7926,0.0
earthgeckoSkyline,IOPS_175,7927,0.0
earthgeckoSkyline,IOPS_175,7928,0.0
earthgeckoSkyline,IOPS_175,7929,0.0
earthgeckoSkyline,IOPS_175,7930,0.0
earthgeckoSkyline,IOPS_175,7931,0.0
earthgeckoSkyline,IOPS_175,7932,0.0
earthgeckoSkyline,IOPS_175,7933,0.0
earthgeckoSkyline,IOPS_175,7934,0.0
earthgeckoSkyline,IOPS_175,7935,0.0
earthgeckoSkyline,IOPS_175,7936,0.0
earthgeckoSkyline,IOPS_175,7937,0.0
earthgeckoSkyline,IOPS_175,7938,0.0
earthgeckoSkyline,IOPS_175,7939,0.0
earthgeckoSkyline,IOPS_175,7940,0.0
earthgeckoSkyline,IOPS_175,7941,0.0
earthgeckoSkyline,IOPS_175,7942,0.0
earthgeckoSkyline,IOPS_175,7943,0.0
earthgeckoSkyline,IOPS_175,7944,0.0
earthgeckoSkyline,IOPS_175,7945,0.0
earthgeckoSkyline,IOPS_175,7946,0.0
earthgeckoSkyline,IOPS_175,7947,0.0
earthgeckoSkyline,IOPS_175,7948,0.0
earthgeckoSkyline,IOPS_175,7949,0.0
earthgeckoSkyline,IOPS_175,7950,0.0
earthgeckoSkyline,IOPS_175,7951,0.0
earthgeckoSkyline,IOPS_175,7952,0.0
earthgeckoSkyline,IOPS_175,7953,0.0
earthgeckoSkyline,IOPS_175,7954,0.0
earthgeckoSkyline,IOPS_175,7955,0.0
earthgeckoSkyline,IOPS_175,7956,0.0
earthgeckoSkyline,IOPS_175,7957,0.0
earthgeckoSkyline,IOPS_175,7958,0.0
earthgeckoSkyline,IOPS_175,7959,0.0
earthgeckoSkyline,IOPS_175,7960,0.0
earthgeckoSkyline,IOPS_175,7961,0.0
earthgeckoSkyline,IOPS_175,7962,0.0
earthgeckoSkyline,IOPS_175,7963,0.0
earthgeckoSkyline,IOPS_175,7964,0.0
earthgeckoSkyline,IOPS_175,7965,0.0
earthgeckoSkyline,IOPS_175,7966,0.0
earthgeckoSkyline,IOPS_175,7967,0.0
earthgeckoSkyline,IOPS_175,7968,0.0
earthgeckoSkyline,IOPS_175,7969,0.0
earthgeckoSkyline,IOPS_175,7970,0.0
earthgeckoSkyline,IOPS_175,7971,0.0
earthgeckoSkyline,IOPS_175,7972,0.0
earthgeckoSkyline,IOPS_175,7973,0.0
earthgeckoSkyline,IOPS_175,7974,0.0
earthgeckoSkyline,IOPS_175,7975,0.0
earthgeckoSkyline,IOPS_175,7976,0.0
earthgeckoSkyline,IOPS_175,7977,0.0
earthgeckoSkyline,IOPS_175,7978,0.0
earthgeckoSkyline,IOPS_175,7979,0.0
earthgeckoSkyline,IOPS_175,7980,0.0
earthgeckoSkyline,IOPS_175,7981,0.0
earthgeckoSkyline,IOPS_175,7982,0.0
earthgeckoSkyline,IOPS_175,7983,0.0
earthgeckoSkyline,IOPS_175,7984,0.0
earthgeckoSkyline,IOPS_175,7985,0.0
earthgeckoSkyline,IOPS_175,7986,0.0
earthgeckoSkyline,IOPS_175,7987,0.0
earthgeckoSkyline,IOPS_175,7988,0.0
earthgeckoSkyline,IOPS_175,7989,0.0
earthgeckoSkyline,IOPS_175,7990,0.0
earthgeckoSkyline,IOPS_175,7991,0.0
earthgeckoSkyline,IOPS_175,7992,0.0
earthgeckoSkyline,IOPS_175,7993,0.0
earthgeckoSkyline,IOPS_175,7994,0.0
earthgeckoSkyline,IOPS_175,7995,0.0
earthgeckoSkyline,IOPS_175,7996,0.0
earthgeckoSkyline,IOPS_175,7997,0.0
earthgeckoSkyline,IOPS_175,7998,0.0
earthgeckoSkyline,IOPS_175,7999,0.0
