algorithm,dataset,timestep,anomaly_score
echoStateNetwork,IOPS_275,0,0.0
echoStateNetwork,IOPS_275,1,0.0
echoStateNetwork,IOPS_275,2,0.0
echoStateNetwork,IOPS_275,3,0.0
echoStateNetwork,IOPS_275,4,0.0
echoStateNetwork,IOPS_275,5,0.0
echoStateNetwork,IOPS_275,6,0.0
echoStateNetwork,IOPS_275,7,0.0
echoStateNetwork,IOPS_275,8,0.0
echoStateNetwork,IOPS_275,9,0.0
echoStateNetwork,IOPS_275,10,0.0
echoStateNetwork,IOPS_275,11,0.33527428500387224
echoStateNetwork,IOPS_275,12,0.4569735544413678
echoStateNetwork,IOPS_275,13,0.22296459677227154
echoStateNetwork,IOPS_275,14,0.045348075703979585
echoStateNetwork,IOPS_275,15,0.5209377165135769
echoStateNetwork,IOPS_275,16,0.3779923261947812
echoStateNetwork,IOPS_275,17,0.006560549974683805
echoStateNetwork,IOPS_275,18,0.3835276895803409
echoStateNetwork,IOPS_275,19,0.12967218163048366
echoStateNetwork,IOPS_275,20,0.2728838769875671
echoStateNetwork,IOPS_275,21,0.4393174989604278
echoStateNetwork,IOPS_275,22,0.014102043623442473
echoStateNetwork,IOPS_275,23,0.4147169410375088
echoStateNetwork,IOPS_275,24,0.34403988194409807
echoStateNetwork,IOPS_275,25,0.008043938648088833
echoStateNetwork,IOPS_275,26,0.3133006479232038
echoStateNetwork,IOPS_275,27,0.3750140497461364
echoStateNetwork,IOPS_275,28,0.284114041501651
echoStateNetwork,IOPS_275,29,0.06070242686067839
echoStateNetwork,IOPS_275,30,0.09352552996374297
echoStateNetwork,IOPS_275,31,0.16595319175993928
echoStateNetwork,IOPS_275,32,0.2596966560369749
echoStateNetwork,IOPS_275,33,0.22784717377719899
echoStateNetwork,IOPS_275,34,0.034598979463179136
echoStateNetwork,IOPS_275,35,0.34021112526203656
echoStateNetwork,IOPS_275,36,0.00020557587461567106
echoStateNetwork,IOPS_275,37,0.0316737360497219
echoStateNetwork,IOPS_275,38,0.1543543843705264
echoStateNetwork,IOPS_275,39,0.28727483210621296
echoStateNetwork,IOPS_275,40,0.019256424551938767
echoStateNetwork,IOPS_275,41,0.2554271774153448
echoStateNetwork,IOPS_275,42,0.16967272061944172
echoStateNetwork,IOPS_275,43,0.29309398527330155
echoStateNetwork,IOPS_275,44,0.24742749741433712
echoStateNetwork,IOPS_275,45,0.12315808576790965
echoStateNetwork,IOPS_275,46,0.030292779688191218
echoStateNetwork,IOPS_275,47,0.07203877324484453
echoStateNetwork,IOPS_275,48,0.07595471895288275
echoStateNetwork,IOPS_275,49,0.2720436113002236
echoStateNetwork,IOPS_275,50,0.23078008641450365
echoStateNetwork,IOPS_275,51,0.013192107200855951
echoStateNetwork,IOPS_275,52,0.05925324265881693
echoStateNetwork,IOPS_275,53,0.20531822900041874
echoStateNetwork,IOPS_275,54,0.09726794432153818
echoStateNetwork,IOPS_275,55,0.05891741385160898
echoStateNetwork,IOPS_275,56,0.10948072686709354
echoStateNetwork,IOPS_275,57,0.02410337886537739
echoStateNetwork,IOPS_275,58,0.2056308512412387
echoStateNetwork,IOPS_275,59,0.16993765224508517
echoStateNetwork,IOPS_275,60,0.0012799312154909703
echoStateNetwork,IOPS_275,61,0.2786366189425402
echoStateNetwork,IOPS_275,62,0.05249699967860022
echoStateNetwork,IOPS_275,63,0.13854645814852062
echoStateNetwork,IOPS_275,64,0.13980213437094358
echoStateNetwork,IOPS_275,65,0.2544392918725643
echoStateNetwork,IOPS_275,66,0.011428386588510087
echoStateNetwork,IOPS_275,67,0.10934817031864763
echoStateNetwork,IOPS_275,68,0.00018368926845824252
echoStateNetwork,IOPS_275,69,0.034416928985108175
echoStateNetwork,IOPS_275,70,0.25949818364051713
echoStateNetwork,IOPS_275,71,0.017032442905204115
echoStateNetwork,IOPS_275,72,0.11002871416122573
echoStateNetwork,IOPS_275,73,0.29117777787159904
echoStateNetwork,IOPS_275,74,0.2848044929846496
echoStateNetwork,IOPS_275,75,0.27991558558055474
echoStateNetwork,IOPS_275,76,0.19968037048510234
echoStateNetwork,IOPS_275,77,0.1895950685109462
echoStateNetwork,IOPS_275,78,0.2763262219537924
echoStateNetwork,IOPS_275,79,0.37511485386276566
echoStateNetwork,IOPS_275,80,0.016430772659939197
echoStateNetwork,IOPS_275,81,0.052976795045887926
echoStateNetwork,IOPS_275,82,0.0172805241163132
echoStateNetwork,IOPS_275,83,0.00034309796645459745
echoStateNetwork,IOPS_275,84,0.1855615286153316
echoStateNetwork,IOPS_275,85,0.0688709858873836
echoStateNetwork,IOPS_275,86,0.15816118780495958
echoStateNetwork,IOPS_275,87,0.023292459791676934
echoStateNetwork,IOPS_275,88,0.3666734757521922
echoStateNetwork,IOPS_275,89,0.185803844449548
echoStateNetwork,IOPS_275,90,0.057423186938417525
echoStateNetwork,IOPS_275,91,0.22488919644883454
echoStateNetwork,IOPS_275,92,0.000807165249605446
echoStateNetwork,IOPS_275,93,0.05777903973772469
echoStateNetwork,IOPS_275,94,0.002669708914858182
echoStateNetwork,IOPS_275,95,0.21032820222736515
echoStateNetwork,IOPS_275,96,0.15871164400321247
echoStateNetwork,IOPS_275,97,0.1260051587591502
echoStateNetwork,IOPS_275,98,0.12985862661244496
echoStateNetwork,IOPS_275,99,0.01674560032520811
echoStateNetwork,IOPS_275,100,0.5384454720709102
echoStateNetwork,IOPS_275,101,0.4014539822529569
echoStateNetwork,IOPS_275,102,0.06018421301257393
echoStateNetwork,IOPS_275,103,0.016348957397074537
echoStateNetwork,IOPS_275,104,0.24779441691670856
echoStateNetwork,IOPS_275,105,0.07927366893923316
echoStateNetwork,IOPS_275,106,0.13937312786493639
echoStateNetwork,IOPS_275,107,0.035713297866850735
echoStateNetwork,IOPS_275,108,0.05107834546020784
echoStateNetwork,IOPS_275,109,0.3463672151263938
echoStateNetwork,IOPS_275,110,0.030187637184183824
echoStateNetwork,IOPS_275,111,0.46424752949701287
echoStateNetwork,IOPS_275,112,0.37831807865931544
echoStateNetwork,IOPS_275,113,0.11333394235626892
echoStateNetwork,IOPS_275,114,0.3730430630674235
echoStateNetwork,IOPS_275,115,0.15552287276268673
echoStateNetwork,IOPS_275,116,0.04602454623179586
echoStateNetwork,IOPS_275,117,0.24320653906942435
echoStateNetwork,IOPS_275,118,0.005934896991958594
echoStateNetwork,IOPS_275,119,0.02717134162254542
echoStateNetwork,IOPS_275,120,0.3196960828157138
echoStateNetwork,IOPS_275,121,0.004930309344471806
echoStateNetwork,IOPS_275,122,0.580798058428438
echoStateNetwork,IOPS_275,123,0.11875679199738942
echoStateNetwork,IOPS_275,124,0.15775443989527405
echoStateNetwork,IOPS_275,125,0.4440141855957467
echoStateNetwork,IOPS_275,126,0.030407227177134843
echoStateNetwork,IOPS_275,127,0.3465687716024003
echoStateNetwork,IOPS_275,128,0.30052653068762714
echoStateNetwork,IOPS_275,129,0.5432074004203207
echoStateNetwork,IOPS_275,130,0.48526415944234713
echoStateNetwork,IOPS_275,131,0.4883041748969441
echoStateNetwork,IOPS_275,132,0.05833012232145307
echoStateNetwork,IOPS_275,133,0.3755056404221425
echoStateNetwork,IOPS_275,134,0.5979823330007538
echoStateNetwork,IOPS_275,135,0.36203097350438984
echoStateNetwork,IOPS_275,136,0.011884139524696136
echoStateNetwork,IOPS_275,137,0.029432358552378024
echoStateNetwork,IOPS_275,138,0.41512880625686566
echoStateNetwork,IOPS_275,139,0.2503460527183644
echoStateNetwork,IOPS_275,140,0.0038264866135357956
echoStateNetwork,IOPS_275,141,0.179450387727508
echoStateNetwork,IOPS_275,142,0.4717751597937966
echoStateNetwork,IOPS_275,143,0.004295477568192707
echoStateNetwork,IOPS_275,144,0.34750020123336767
echoStateNetwork,IOPS_275,145,0.2935667904878776
echoStateNetwork,IOPS_275,146,0.38488263624812336
echoStateNetwork,IOPS_275,147,0.6936018224711307
echoStateNetwork,IOPS_275,148,0.564944939779176
echoStateNetwork,IOPS_275,149,0.43425321803039796
echoStateNetwork,IOPS_275,150,0.044116441099522063
echoStateNetwork,IOPS_275,151,0.006007755618217425
echoStateNetwork,IOPS_275,152,0.39914508940416127
echoStateNetwork,IOPS_275,153,0.14794102631806738
echoStateNetwork,IOPS_275,154,0.20310904202247237
echoStateNetwork,IOPS_275,155,0.021079349252255852
echoStateNetwork,IOPS_275,156,0.4157884325085569
echoStateNetwork,IOPS_275,157,0.05679701364546674
echoStateNetwork,IOPS_275,158,0.13082304130543254
echoStateNetwork,IOPS_275,159,0.06830562214051872
echoStateNetwork,IOPS_275,160,0.024931124331866505
echoStateNetwork,IOPS_275,161,0.02409870323094565
echoStateNetwork,IOPS_275,162,0.25762017664675596
echoStateNetwork,IOPS_275,163,0.8699443383516757
echoStateNetwork,IOPS_275,164,0.4327662222865023
echoStateNetwork,IOPS_275,165,0.26111349090335034
echoStateNetwork,IOPS_275,166,0.4659931687156983
echoStateNetwork,IOPS_275,167,0.20104911995182606
echoStateNetwork,IOPS_275,168,0.019266764215207566
echoStateNetwork,IOPS_275,169,0.33535337438502866
echoStateNetwork,IOPS_275,170,0.8014149260314667
echoStateNetwork,IOPS_275,171,0.1837335633503392
echoStateNetwork,IOPS_275,172,0.4373164126037572
echoStateNetwork,IOPS_275,173,0.002835607297416276
echoStateNetwork,IOPS_275,174,0.8836508676229341
echoStateNetwork,IOPS_275,175,0.6190550843897631
echoStateNetwork,IOPS_275,176,0.5329666643066905
echoStateNetwork,IOPS_275,177,0.00041390468916824297
echoStateNetwork,IOPS_275,178,0.9384080738629594
echoStateNetwork,IOPS_275,179,0.177568101729484
echoStateNetwork,IOPS_275,180,0.002368599178386388
echoStateNetwork,IOPS_275,181,0.39150355697348826
echoStateNetwork,IOPS_275,182,0.9961241830665823
echoStateNetwork,IOPS_275,183,0.5250766064621307
echoStateNetwork,IOPS_275,184,0.4005146036431635
echoStateNetwork,IOPS_275,185,0.1767390071726782
echoStateNetwork,IOPS_275,186,0.0220025526657327
echoStateNetwork,IOPS_275,187,5.710256933966207e-09
echoStateNetwork,IOPS_275,188,0.23239811459255066
echoStateNetwork,IOPS_275,189,0.73180019031727
echoStateNetwork,IOPS_275,190,0.14101176639576307
echoStateNetwork,IOPS_275,191,1.7475700998081933e-05
echoStateNetwork,IOPS_275,192,0.04255742766893511
echoStateNetwork,IOPS_275,193,0.13763019602321247
echoStateNetwork,IOPS_275,194,0.3716904485445557
echoStateNetwork,IOPS_275,195,0.45694649127883435
echoStateNetwork,IOPS_275,196,0.9988719555460169
echoStateNetwork,IOPS_275,197,0.4560193624372506
echoStateNetwork,IOPS_275,198,0.06085211103341681
echoStateNetwork,IOPS_275,199,0.2572549963591233
echoStateNetwork,IOPS_275,200,0.6562929398765851
echoStateNetwork,IOPS_275,201,0.3237556204917358
echoStateNetwork,IOPS_275,202,0.027890587356365293
echoStateNetwork,IOPS_275,203,0.23447566257535202
echoStateNetwork,IOPS_275,204,0.9491410137908046
echoStateNetwork,IOPS_275,205,0.17548453791146557
echoStateNetwork,IOPS_275,206,0.030059085017427378
echoStateNetwork,IOPS_275,207,0.02900006895747753
echoStateNetwork,IOPS_275,208,0.5383331280666792
echoStateNetwork,IOPS_275,209,0.9990173119084961
echoStateNetwork,IOPS_275,210,0.8335800545001188
echoStateNetwork,IOPS_275,211,0.009076043189303884
echoStateNetwork,IOPS_275,212,0.8550186177815872
echoStateNetwork,IOPS_275,213,0.19177466554107603
echoStateNetwork,IOPS_275,214,0.06693707851373909
echoStateNetwork,IOPS_275,215,0.2796199753048332
echoStateNetwork,IOPS_275,216,0.0400041879397125
echoStateNetwork,IOPS_275,217,0.020507308885353348
echoStateNetwork,IOPS_275,218,0.8178566178373422
echoStateNetwork,IOPS_275,219,0.05218616033025947
echoStateNetwork,IOPS_275,220,0.5564570156933093
echoStateNetwork,IOPS_275,221,0.26455034168177727
echoStateNetwork,IOPS_275,222,0.0010046708935839144
echoStateNetwork,IOPS_275,223,0.5471943265080039
echoStateNetwork,IOPS_275,224,0.08420721035266066
echoStateNetwork,IOPS_275,225,0.01649559018736202
echoStateNetwork,IOPS_275,226,0.03276704377101669
echoStateNetwork,IOPS_275,227,0.001757821087250866
echoStateNetwork,IOPS_275,228,0.03536064390651583
echoStateNetwork,IOPS_275,229,0.4519220200446572
echoStateNetwork,IOPS_275,230,0.02586789313765847
echoStateNetwork,IOPS_275,231,0.9995260397761407
echoStateNetwork,IOPS_275,232,0.11703781868917296
echoStateNetwork,IOPS_275,233,0.25316280950562897
echoStateNetwork,IOPS_275,234,0.15509176895382026
echoStateNetwork,IOPS_275,235,0.0411493859448534
echoStateNetwork,IOPS_275,236,0.28714579901880755
echoStateNetwork,IOPS_275,237,0.16651051289059238
echoStateNetwork,IOPS_275,238,0.3877831522376227
echoStateNetwork,IOPS_275,239,0.000200127819991347
echoStateNetwork,IOPS_275,240,0.0754478977077011
echoStateNetwork,IOPS_275,241,0.7688287051387785
echoStateNetwork,IOPS_275,242,0.28129244432544476
echoStateNetwork,IOPS_275,243,0.82164872803087
echoStateNetwork,IOPS_275,244,0.008839103558404227
echoStateNetwork,IOPS_275,245,0.4472983632413786
echoStateNetwork,IOPS_275,246,0.06277532794471719
echoStateNetwork,IOPS_275,247,0.34566582624923203
echoStateNetwork,IOPS_275,248,0.980960845882098
echoStateNetwork,IOPS_275,249,0.06858485272225945
echoStateNetwork,IOPS_275,250,0.47787982150109864
echoStateNetwork,IOPS_275,251,0.0015284636828969411
echoStateNetwork,IOPS_275,252,0.21248842273691082
echoStateNetwork,IOPS_275,253,0.17695579692519414
echoStateNetwork,IOPS_275,254,0.18297369241941985
echoStateNetwork,IOPS_275,255,0.011149371952406506
echoStateNetwork,IOPS_275,256,0.07285383901567677
echoStateNetwork,IOPS_275,257,0.4293397788949964
echoStateNetwork,IOPS_275,258,0.9825063595488354
echoStateNetwork,IOPS_275,259,0.07959943912675571
echoStateNetwork,IOPS_275,260,0.2826628875108169
echoStateNetwork,IOPS_275,261,0.01270118651813501
echoStateNetwork,IOPS_275,262,0.03948621144950504
echoStateNetwork,IOPS_275,263,0.03502438138346542
echoStateNetwork,IOPS_275,264,0.07174963466268336
echoStateNetwork,IOPS_275,265,0.3079363728988632
echoStateNetwork,IOPS_275,266,0.274520679987609
echoStateNetwork,IOPS_275,267,0.17454750018329168
echoStateNetwork,IOPS_275,268,0.0013300155225236532
echoStateNetwork,IOPS_275,269,0.3335658935434562
echoStateNetwork,IOPS_275,270,0.6090048673286559
echoStateNetwork,IOPS_275,271,0.018836584729493122
echoStateNetwork,IOPS_275,272,0.0006748270210529261
echoStateNetwork,IOPS_275,273,0.2384376709721141
echoStateNetwork,IOPS_275,274,0.11728937759051994
echoStateNetwork,IOPS_275,275,0.41622568152002837
echoStateNetwork,IOPS_275,276,0.5686392904311899
echoStateNetwork,IOPS_275,277,0.0003423211168200879
echoStateNetwork,IOPS_275,278,0.16637500157138385
echoStateNetwork,IOPS_275,279,0.4783833508151373
echoStateNetwork,IOPS_275,280,0.9614448153422347
echoStateNetwork,IOPS_275,281,0.15717000886306387
echoStateNetwork,IOPS_275,282,0.007492017494786007
echoStateNetwork,IOPS_275,283,0.15723522215329666
echoStateNetwork,IOPS_275,284,0.7664340106057836
echoStateNetwork,IOPS_275,285,0.2665288193168073
echoStateNetwork,IOPS_275,286,0.004964192430512382
echoStateNetwork,IOPS_275,287,0.562789756222303
echoStateNetwork,IOPS_275,288,0.5304221563700955
echoStateNetwork,IOPS_275,289,0.04970025519762389
echoStateNetwork,IOPS_275,290,0.004148430574881901
echoStateNetwork,IOPS_275,291,0.33379262334343385
echoStateNetwork,IOPS_275,292,0.3344486511911795
echoStateNetwork,IOPS_275,293,0.46246212250494034
echoStateNetwork,IOPS_275,294,0.36910591090545586
echoStateNetwork,IOPS_275,295,0.0017940835119047982
echoStateNetwork,IOPS_275,296,0.0527645145214809
echoStateNetwork,IOPS_275,297,0.000666665398681876
echoStateNetwork,IOPS_275,298,0.6171141621952125
echoStateNetwork,IOPS_275,299,0.0438592559901555
echoStateNetwork,IOPS_275,300,0.006375252099457995
echoStateNetwork,IOPS_275,301,0.1426255990474986
echoStateNetwork,IOPS_275,302,0.13582497187729758
echoStateNetwork,IOPS_275,303,0.8613691768241398
echoStateNetwork,IOPS_275,304,0.1072458336571932
echoStateNetwork,IOPS_275,305,0.16532984109804372
echoStateNetwork,IOPS_275,306,0.2972332550883391
echoStateNetwork,IOPS_275,307,0.0009477549297152166
echoStateNetwork,IOPS_275,308,0.36496677769944885
echoStateNetwork,IOPS_275,309,0.4161495469477273
echoStateNetwork,IOPS_275,310,0.005351777062267304
echoStateNetwork,IOPS_275,311,0.47794815650699296
echoStateNetwork,IOPS_275,312,0.015408533699208693
echoStateNetwork,IOPS_275,313,0.07940479988761984
echoStateNetwork,IOPS_275,314,1.0378619218487373e-05
echoStateNetwork,IOPS_275,315,0.28144993260283235
echoStateNetwork,IOPS_275,316,0.4658306792278373
echoStateNetwork,IOPS_275,317,0.18172431708464976
echoStateNetwork,IOPS_275,318,0.3828986947205787
echoStateNetwork,IOPS_275,319,0.14370300500015365
echoStateNetwork,IOPS_275,320,0.25872963832966855
echoStateNetwork,IOPS_275,321,0.022503206818960675
echoStateNetwork,IOPS_275,322,0.0290684418160726
echoStateNetwork,IOPS_275,323,0.40149353340558946
echoStateNetwork,IOPS_275,324,0.032190892727303466
echoStateNetwork,IOPS_275,325,0.041373300365217025
echoStateNetwork,IOPS_275,326,0.6061876192018902
echoStateNetwork,IOPS_275,327,0.692817166008737
echoStateNetwork,IOPS_275,328,0.33159811282298635
echoStateNetwork,IOPS_275,329,0.1637600900091697
echoStateNetwork,IOPS_275,330,0.20504578060408774
echoStateNetwork,IOPS_275,331,0.0159109960710504
echoStateNetwork,IOPS_275,332,0.01018898472828833
echoStateNetwork,IOPS_275,333,0.11045497261242121
echoStateNetwork,IOPS_275,334,0.13088492511200633
echoStateNetwork,IOPS_275,335,0.049376922100403564
echoStateNetwork,IOPS_275,336,0.060459864525518436
echoStateNetwork,IOPS_275,337,0.8032954979615636
echoStateNetwork,IOPS_275,338,0.6634186203961195
echoStateNetwork,IOPS_275,339,0.02019604987693646
echoStateNetwork,IOPS_275,340,0.005085968448599432
echoStateNetwork,IOPS_275,341,0.284586397482117
echoStateNetwork,IOPS_275,342,0.028454263151511783
echoStateNetwork,IOPS_275,343,0.0005613630469711861
echoStateNetwork,IOPS_275,344,0.39581540858224684
echoStateNetwork,IOPS_275,345,0.691978630560905
echoStateNetwork,IOPS_275,346,0.7928691536098651
echoStateNetwork,IOPS_275,347,0.48271753784262494
echoStateNetwork,IOPS_275,348,0.6450883052066025
echoStateNetwork,IOPS_275,349,0.23134251105760406
echoStateNetwork,IOPS_275,350,0.8178618095879696
echoStateNetwork,IOPS_275,351,0.2554883563830871
echoStateNetwork,IOPS_275,352,0.6584720430498762
echoStateNetwork,IOPS_275,353,0.1024997697395742
echoStateNetwork,IOPS_275,354,0.5018480463614448
echoStateNetwork,IOPS_275,355,0.09360938139081221
echoStateNetwork,IOPS_275,356,0.27488108360108676
echoStateNetwork,IOPS_275,357,0.0650748485858954
echoStateNetwork,IOPS_275,358,0.6520873308358146
echoStateNetwork,IOPS_275,359,0.4854081635973422
echoStateNetwork,IOPS_275,360,0.8291474314674627
echoStateNetwork,IOPS_275,361,0.1821712045925804
echoStateNetwork,IOPS_275,362,0.23473143363482252
echoStateNetwork,IOPS_275,363,0.03464721453558273
echoStateNetwork,IOPS_275,364,0.0025143643502988366
echoStateNetwork,IOPS_275,365,0.08562276255324974
echoStateNetwork,IOPS_275,366,0.5452887124992614
echoStateNetwork,IOPS_275,367,0.005776881720324201
echoStateNetwork,IOPS_275,368,0.5131414853798311
echoStateNetwork,IOPS_275,369,0.023528260464999007
echoStateNetwork,IOPS_275,370,0.002669248315148476
echoStateNetwork,IOPS_275,371,0.00415730278413029
echoStateNetwork,IOPS_275,372,0.11294564077419755
echoStateNetwork,IOPS_275,373,0.009122323720981984
echoStateNetwork,IOPS_275,374,0.3244516745436412
echoStateNetwork,IOPS_275,375,0.002444475854865291
echoStateNetwork,IOPS_275,376,0.0029226469481531403
echoStateNetwork,IOPS_275,377,0.4039363443231351
echoStateNetwork,IOPS_275,378,0.073220702707267
echoStateNetwork,IOPS_275,379,0.36104660367493313
echoStateNetwork,IOPS_275,380,0.008897240068968304
echoStateNetwork,IOPS_275,381,0.9572516804758688
echoStateNetwork,IOPS_275,382,0.4153033835187039
echoStateNetwork,IOPS_275,383,0.8557538848234731
echoStateNetwork,IOPS_275,384,0.1819160353952276
echoStateNetwork,IOPS_275,385,0.12654564421131775
echoStateNetwork,IOPS_275,386,0.0096004714888277
echoStateNetwork,IOPS_275,387,0.15615177318087403
echoStateNetwork,IOPS_275,388,0.5099886048304794
echoStateNetwork,IOPS_275,389,0.03550219351608863
echoStateNetwork,IOPS_275,390,0.23136589296716104
echoStateNetwork,IOPS_275,391,0.03255965456713683
echoStateNetwork,IOPS_275,392,0.43543421464960286
echoStateNetwork,IOPS_275,393,0.18101170035609837
echoStateNetwork,IOPS_275,394,0.6684009630372967
echoStateNetwork,IOPS_275,395,0.11676039361593282
echoStateNetwork,IOPS_275,396,0.01721898590567117
echoStateNetwork,IOPS_275,397,0.13014702152626723
echoStateNetwork,IOPS_275,398,0.23589006700945891
echoStateNetwork,IOPS_275,399,0.23101397797808698
echoStateNetwork,IOPS_275,400,0.3087574518350499
echoStateNetwork,IOPS_275,401,0.5838360187915101
echoStateNetwork,IOPS_275,402,0.7676250863802592
echoStateNetwork,IOPS_275,403,0.9684925651527977
echoStateNetwork,IOPS_275,404,0.3136171144447911
echoStateNetwork,IOPS_275,405,0.17035119502551055
echoStateNetwork,IOPS_275,406,0.88895008215912
echoStateNetwork,IOPS_275,407,0.4504014111834794
echoStateNetwork,IOPS_275,408,0.39025150892262384
echoStateNetwork,IOPS_275,409,0.15709778849523226
echoStateNetwork,IOPS_275,410,0.2593069306563567
echoStateNetwork,IOPS_275,411,0.18530573680571905
echoStateNetwork,IOPS_275,412,0.05278663290236851
echoStateNetwork,IOPS_275,413,0.04119908479380008
echoStateNetwork,IOPS_275,414,0.26560388970074345
echoStateNetwork,IOPS_275,415,0.1839464498862765
echoStateNetwork,IOPS_275,416,0.5617333897931622
echoStateNetwork,IOPS_275,417,0.026286115190876536
echoStateNetwork,IOPS_275,418,0.06019302244359237
echoStateNetwork,IOPS_275,419,0.013626229796314782
echoStateNetwork,IOPS_275,420,0.5985251266371991
echoStateNetwork,IOPS_275,421,0.07553478425056659
echoStateNetwork,IOPS_275,422,0.8208188393762886
echoStateNetwork,IOPS_275,423,0.4545534404037449
echoStateNetwork,IOPS_275,424,0.24763660897551354
echoStateNetwork,IOPS_275,425,0.9660690604070186
echoStateNetwork,IOPS_275,426,0.5954551568362454
echoStateNetwork,IOPS_275,427,0.04257736124333711
echoStateNetwork,IOPS_275,428,0.7977473877576136
echoStateNetwork,IOPS_275,429,0.6783375800869023
echoStateNetwork,IOPS_275,430,4.8394766649417775e-05
echoStateNetwork,IOPS_275,431,0.17030690794976067
echoStateNetwork,IOPS_275,432,0.2431413239956891
echoStateNetwork,IOPS_275,433,0.07837762861641906
echoStateNetwork,IOPS_275,434,0.1493214967701214
echoStateNetwork,IOPS_275,435,0.29250436675016944
echoStateNetwork,IOPS_275,436,0.31587660265373385
echoStateNetwork,IOPS_275,437,0.0471118869262378
echoStateNetwork,IOPS_275,438,0.19025142832822262
echoStateNetwork,IOPS_275,439,0.6644920556752334
echoStateNetwork,IOPS_275,440,0.0950460296127077
echoStateNetwork,IOPS_275,441,0.2595400553038336
echoStateNetwork,IOPS_275,442,0.015429000537342197
echoStateNetwork,IOPS_275,443,0.0027993844036623416
echoStateNetwork,IOPS_275,444,0.5125540883389086
echoStateNetwork,IOPS_275,445,0.628264284408274
echoStateNetwork,IOPS_275,446,0.7106667805491614
echoStateNetwork,IOPS_275,447,0.8685899699912816
echoStateNetwork,IOPS_275,448,0.043329358054631006
echoStateNetwork,IOPS_275,449,0.04949116047861968
echoStateNetwork,IOPS_275,450,0.2336558024915908
echoStateNetwork,IOPS_275,451,0.05958735907876733
echoStateNetwork,IOPS_275,452,0.05864410659945518
echoStateNetwork,IOPS_275,453,0.1647610105211229
echoStateNetwork,IOPS_275,454,0.06465671669580786
echoStateNetwork,IOPS_275,455,0.6811154562548201
echoStateNetwork,IOPS_275,456,0.09842779079264885
echoStateNetwork,IOPS_275,457,0.30310543300665826
echoStateNetwork,IOPS_275,458,0.129207541713667
echoStateNetwork,IOPS_275,459,0.10654323580782799
echoStateNetwork,IOPS_275,460,0.9882462161017455
echoStateNetwork,IOPS_275,461,0.05394162879577136
echoStateNetwork,IOPS_275,462,0.49656291340776515
echoStateNetwork,IOPS_275,463,0.9103366222132361
echoStateNetwork,IOPS_275,464,0.05861172293871997
echoStateNetwork,IOPS_275,465,0.03530384924646357
echoStateNetwork,IOPS_275,466,0.0037971880597074126
echoStateNetwork,IOPS_275,467,0.7967973389901207
echoStateNetwork,IOPS_275,468,0.3515769042782715
echoStateNetwork,IOPS_275,469,0.9110782752040583
echoStateNetwork,IOPS_275,470,0.6730493774148165
echoStateNetwork,IOPS_275,471,0.5501587319601553
echoStateNetwork,IOPS_275,472,0.028020270725390373
echoStateNetwork,IOPS_275,473,0.002930011206023986
echoStateNetwork,IOPS_275,474,0.030532850644283904
echoStateNetwork,IOPS_275,475,0.6750475196798307
echoStateNetwork,IOPS_275,476,0.006364050877863292
echoStateNetwork,IOPS_275,477,0.761662278157232
echoStateNetwork,IOPS_275,478,0.059762951907520345
echoStateNetwork,IOPS_275,479,0.09801412096899587
echoStateNetwork,IOPS_275,480,0.30721598853573884
echoStateNetwork,IOPS_275,481,0.10268781905424318
echoStateNetwork,IOPS_275,482,0.9818311259618289
echoStateNetwork,IOPS_275,483,0.0457764365275769
echoStateNetwork,IOPS_275,484,0.46215119803678717
echoStateNetwork,IOPS_275,485,0.8810786691917625
echoStateNetwork,IOPS_275,486,0.4338958702501031
echoStateNetwork,IOPS_275,487,0.8840547549052935
echoStateNetwork,IOPS_275,488,0.3192512455149715
echoStateNetwork,IOPS_275,489,0.6633832453572963
echoStateNetwork,IOPS_275,490,0.6603733127353479
echoStateNetwork,IOPS_275,491,0.7257593329363403
echoStateNetwork,IOPS_275,492,0.9126323878020367
echoStateNetwork,IOPS_275,493,0.6187727780989448
echoStateNetwork,IOPS_275,494,0.2597362313183812
echoStateNetwork,IOPS_275,495,0.21514426484278892
echoStateNetwork,IOPS_275,496,0.03817020383209646
echoStateNetwork,IOPS_275,497,0.9391291184173857
echoStateNetwork,IOPS_275,498,0.16354912916511477
echoStateNetwork,IOPS_275,499,0.6153285974619622
echoStateNetwork,IOPS_275,500,0.171674096418447
echoStateNetwork,IOPS_275,501,0.171943184014829
echoStateNetwork,IOPS_275,502,0.9015117945836284
echoStateNetwork,IOPS_275,503,0.501946180647571
echoStateNetwork,IOPS_275,504,0.28862608222586716
echoStateNetwork,IOPS_275,505,0.12397271935563858
echoStateNetwork,IOPS_275,506,0.25769755757525936
echoStateNetwork,IOPS_275,507,0.4918944911797467
echoStateNetwork,IOPS_275,508,0.00021239637804970624
echoStateNetwork,IOPS_275,509,0.2244570667163095
echoStateNetwork,IOPS_275,510,0.07220575676802787
echoStateNetwork,IOPS_275,511,0.028574985089757865
echoStateNetwork,IOPS_275,512,0.3591023728690689
echoStateNetwork,IOPS_275,513,0.014331031773076486
echoStateNetwork,IOPS_275,514,0.2543836633734894
echoStateNetwork,IOPS_275,515,0.4050445154561819
echoStateNetwork,IOPS_275,516,0.547163528816307
echoStateNetwork,IOPS_275,517,0.0833655474299857
echoStateNetwork,IOPS_275,518,0.3676345944672317
echoStateNetwork,IOPS_275,519,0.6525681758770321
echoStateNetwork,IOPS_275,520,0.7199622989777283
echoStateNetwork,IOPS_275,521,0.3393197938416438
echoStateNetwork,IOPS_275,522,0.6988718224799151
echoStateNetwork,IOPS_275,523,0.3845367969336657
echoStateNetwork,IOPS_275,524,0.2569370044166637
echoStateNetwork,IOPS_275,525,0.020321394634130407
echoStateNetwork,IOPS_275,526,0.58210364997371
echoStateNetwork,IOPS_275,527,1.233366540143166e-05
echoStateNetwork,IOPS_275,528,0.02968721363215665
echoStateNetwork,IOPS_275,529,0.44859063014589406
echoStateNetwork,IOPS_275,530,0.38704128842020535
echoStateNetwork,IOPS_275,531,0.23978736577964554
echoStateNetwork,IOPS_275,532,0.7224851304813866
echoStateNetwork,IOPS_275,533,0.31357010918276695
echoStateNetwork,IOPS_275,534,0.3828293870153465
echoStateNetwork,IOPS_275,535,0.7941210223418377
echoStateNetwork,IOPS_275,536,0.6906480714925765
echoStateNetwork,IOPS_275,537,0.6817958112572868
echoStateNetwork,IOPS_275,538,0.942773600247605
echoStateNetwork,IOPS_275,539,0.4733401276861775
echoStateNetwork,IOPS_275,540,0.22019003927737746
echoStateNetwork,IOPS_275,541,0.22549263894822436
echoStateNetwork,IOPS_275,542,0.9028974127927036
echoStateNetwork,IOPS_275,543,0.37755215156659905
echoStateNetwork,IOPS_275,544,0.16975054211962037
echoStateNetwork,IOPS_275,545,0.551371380387785
echoStateNetwork,IOPS_275,546,0.22027760326095647
echoStateNetwork,IOPS_275,547,0.0741702003185224
echoStateNetwork,IOPS_275,548,0.24738893595302847
echoStateNetwork,IOPS_275,549,0.17027735198652372
echoStateNetwork,IOPS_275,550,0.04798627726526239
echoStateNetwork,IOPS_275,551,0.013963324216898276
echoStateNetwork,IOPS_275,552,0.023034561280466437
echoStateNetwork,IOPS_275,553,0.924675039413253
echoStateNetwork,IOPS_275,554,0.4440454387917533
echoStateNetwork,IOPS_275,555,0.5201137414017769
echoStateNetwork,IOPS_275,556,0.9276230141043057
echoStateNetwork,IOPS_275,557,0.5968588557867802
echoStateNetwork,IOPS_275,558,0.43948245348328774
echoStateNetwork,IOPS_275,559,0.5780588541193021
echoStateNetwork,IOPS_275,560,0.682479319900806
echoStateNetwork,IOPS_275,561,0.006376982152173416
echoStateNetwork,IOPS_275,562,0.3662962574221592
echoStateNetwork,IOPS_275,563,0.003510535130055059
echoStateNetwork,IOPS_275,564,0.8971381747514793
echoStateNetwork,IOPS_275,565,0.5859256183163049
echoStateNetwork,IOPS_275,566,0.3877117652561355
echoStateNetwork,IOPS_275,567,0.32072187582127576
echoStateNetwork,IOPS_275,568,0.26449082672468627
echoStateNetwork,IOPS_275,569,0.17096538316569143
echoStateNetwork,IOPS_275,570,0.2053304739906524
echoStateNetwork,IOPS_275,571,0.1696045595987309
echoStateNetwork,IOPS_275,572,0.5350571778608976
echoStateNetwork,IOPS_275,573,0.6490643267605227
echoStateNetwork,IOPS_275,574,0.6211716712693046
echoStateNetwork,IOPS_275,575,0.8730251827904488
echoStateNetwork,IOPS_275,576,0.07375235774913114
echoStateNetwork,IOPS_275,577,0.4252932789758529
echoStateNetwork,IOPS_275,578,0.8777932658418914
echoStateNetwork,IOPS_275,579,0.0026724090417643565
echoStateNetwork,IOPS_275,580,0.4892715933224605
echoStateNetwork,IOPS_275,581,0.05198944221376889
echoStateNetwork,IOPS_275,582,0.024331450792122067
echoStateNetwork,IOPS_275,583,0.5154982569122888
echoStateNetwork,IOPS_275,584,0.6078024976590167
echoStateNetwork,IOPS_275,585,0.0006812000670515239
echoStateNetwork,IOPS_275,586,0.03000144353979739
echoStateNetwork,IOPS_275,587,0.08382394120445891
echoStateNetwork,IOPS_275,588,0.18726176623833912
echoStateNetwork,IOPS_275,589,0.050135848527010696
echoStateNetwork,IOPS_275,590,0.013635193965195636
echoStateNetwork,IOPS_275,591,0.07593267401813775
echoStateNetwork,IOPS_275,592,0.45142972121726344
echoStateNetwork,IOPS_275,593,0.3810629776868568
echoStateNetwork,IOPS_275,594,0.013227385877169873
echoStateNetwork,IOPS_275,595,0.09100246369626697
echoStateNetwork,IOPS_275,596,0.37828883619952847
echoStateNetwork,IOPS_275,597,0.33703405003889086
echoStateNetwork,IOPS_275,598,0.29042073103661104
echoStateNetwork,IOPS_275,599,0.5781965098537937
echoStateNetwork,IOPS_275,600,0.5358740829412185
echoStateNetwork,IOPS_275,601,0.4909303050301681
echoStateNetwork,IOPS_275,602,0.11529824368678232
echoStateNetwork,IOPS_275,603,0.8009818302842433
echoStateNetwork,IOPS_275,604,0.3751037494946997
echoStateNetwork,IOPS_275,605,0.5641123022322752
echoStateNetwork,IOPS_275,606,0.1090659083514608
echoStateNetwork,IOPS_275,607,0.08664881249215972
echoStateNetwork,IOPS_275,608,3.973016363401083e-05
echoStateNetwork,IOPS_275,609,0.32480788485211676
echoStateNetwork,IOPS_275,610,0.39910624427560915
echoStateNetwork,IOPS_275,611,0.25739687410962786
echoStateNetwork,IOPS_275,612,0.328367122655152
echoStateNetwork,IOPS_275,613,0.5358030275093247
echoStateNetwork,IOPS_275,614,0.9147087577762307
echoStateNetwork,IOPS_275,615,0.006452566327526554
echoStateNetwork,IOPS_275,616,0.10579283054734201
echoStateNetwork,IOPS_275,617,0.0158845912843274
echoStateNetwork,IOPS_275,618,0.011386847646509657
echoStateNetwork,IOPS_275,619,0.02184494584098884
echoStateNetwork,IOPS_275,620,0.060883303104800945
echoStateNetwork,IOPS_275,621,0.3744859010943853
echoStateNetwork,IOPS_275,622,0.2240090875711639
echoStateNetwork,IOPS_275,623,0.21324407627311093
echoStateNetwork,IOPS_275,624,0.02085948954930461
echoStateNetwork,IOPS_275,625,0.22240263968557772
echoStateNetwork,IOPS_275,626,0.3071204170230245
echoStateNetwork,IOPS_275,627,0.5062964363078228
echoStateNetwork,IOPS_275,628,0.21361784276082108
echoStateNetwork,IOPS_275,629,0.06256584079335525
echoStateNetwork,IOPS_275,630,0.03743538201250762
echoStateNetwork,IOPS_275,631,0.02861438124603677
echoStateNetwork,IOPS_275,632,0.5085378668724685
echoStateNetwork,IOPS_275,633,0.20783645857449262
echoStateNetwork,IOPS_275,634,0.08844334355261574
echoStateNetwork,IOPS_275,635,0.4726920785501516
echoStateNetwork,IOPS_275,636,0.7899698595755195
echoStateNetwork,IOPS_275,637,0.2775439990545475
echoStateNetwork,IOPS_275,638,0.00953424696300309
echoStateNetwork,IOPS_275,639,0.00017210545879275951
echoStateNetwork,IOPS_275,640,0.055145222487513856
echoStateNetwork,IOPS_275,641,0.1425903708605185
echoStateNetwork,IOPS_275,642,0.17053281061182946
echoStateNetwork,IOPS_275,643,0.0643655592287371
echoStateNetwork,IOPS_275,644,0.42655910923873375
echoStateNetwork,IOPS_275,645,0.7599622157808472
echoStateNetwork,IOPS_275,646,0.006114010484459587
echoStateNetwork,IOPS_275,647,0.40490447398832086
echoStateNetwork,IOPS_275,648,0.01418529481227393
echoStateNetwork,IOPS_275,649,0.6258248020450051
echoStateNetwork,IOPS_275,650,0.0025871736955321856
echoStateNetwork,IOPS_275,651,0.08878706623736277
echoStateNetwork,IOPS_275,652,0.22360873869585007
echoStateNetwork,IOPS_275,653,0.4477159558810305
echoStateNetwork,IOPS_275,654,0.9423630198677841
echoStateNetwork,IOPS_275,655,0.6271910569368631
echoStateNetwork,IOPS_275,656,0.5115694051324171
echoStateNetwork,IOPS_275,657,0.5338083350864294
echoStateNetwork,IOPS_275,658,0.989334163362036
echoStateNetwork,IOPS_275,659,0.10880435801206134
echoStateNetwork,IOPS_275,660,0.004254604335808931
echoStateNetwork,IOPS_275,661,0.1450261911056041
echoStateNetwork,IOPS_275,662,0.12325949819134141
echoStateNetwork,IOPS_275,663,0.1853671901686118
echoStateNetwork,IOPS_275,664,0.4475433757303241
echoStateNetwork,IOPS_275,665,0.8838428246052796
echoStateNetwork,IOPS_275,666,0.17733697908230805
echoStateNetwork,IOPS_275,667,0.9253733813827099
echoStateNetwork,IOPS_275,668,0.37285010242184324
echoStateNetwork,IOPS_275,669,0.00023686606614004013
echoStateNetwork,IOPS_275,670,0.0028222823748477177
echoStateNetwork,IOPS_275,671,0.10712222917934888
echoStateNetwork,IOPS_275,672,0.010676103088960387
echoStateNetwork,IOPS_275,673,0.30369786058205794
echoStateNetwork,IOPS_275,674,0.21471907689256242
echoStateNetwork,IOPS_275,675,0.014776015009689503
echoStateNetwork,IOPS_275,676,0.7541879811267977
echoStateNetwork,IOPS_275,677,0.9527024159254766
echoStateNetwork,IOPS_275,678,0.6134473087560053
echoStateNetwork,IOPS_275,679,0.21216203736891037
echoStateNetwork,IOPS_275,680,0.7047943663018257
echoStateNetwork,IOPS_275,681,0.0009906140561549703
echoStateNetwork,IOPS_275,682,0.027335477600200053
echoStateNetwork,IOPS_275,683,0.17781287601263063
echoStateNetwork,IOPS_275,684,0.4205269870287822
echoStateNetwork,IOPS_275,685,0.35603316282489095
echoStateNetwork,IOPS_275,686,0.4040350413569207
echoStateNetwork,IOPS_275,687,0.9069669467129841
echoStateNetwork,IOPS_275,688,0.0527971212669579
echoStateNetwork,IOPS_275,689,0.48158252920641453
echoStateNetwork,IOPS_275,690,0.5704357292533433
echoStateNetwork,IOPS_275,691,0.9199691216566035
echoStateNetwork,IOPS_275,692,0.1472434888054821
echoStateNetwork,IOPS_275,693,0.23705054355927135
echoStateNetwork,IOPS_275,694,0.02447561433530776
echoStateNetwork,IOPS_275,695,0.16856229520379418
echoStateNetwork,IOPS_275,696,0.9636523021427679
echoStateNetwork,IOPS_275,697,0.08473231449535701
echoStateNetwork,IOPS_275,698,0.13071372240333434
echoStateNetwork,IOPS_275,699,0.8461779622529675
echoStateNetwork,IOPS_275,700,0.6326418882645286
echoStateNetwork,IOPS_275,701,0.04087347926562013
echoStateNetwork,IOPS_275,702,0.2753218798836943
echoStateNetwork,IOPS_275,703,0.21841540189880393
echoStateNetwork,IOPS_275,704,0.10358133138038272
echoStateNetwork,IOPS_275,705,0.0800961787603357
echoStateNetwork,IOPS_275,706,0.09135136474069383
echoStateNetwork,IOPS_275,707,0.1112056414677095
echoStateNetwork,IOPS_275,708,0.2585547031852815
echoStateNetwork,IOPS_275,709,0.04386353337829685
echoStateNetwork,IOPS_275,710,0.8575969566505475
echoStateNetwork,IOPS_275,711,0.43850110931557873
echoStateNetwork,IOPS_275,712,0.44611395871628556
echoStateNetwork,IOPS_275,713,0.20372110658000997
echoStateNetwork,IOPS_275,714,0.019255402771459318
echoStateNetwork,IOPS_275,715,0.3266195917306802
echoStateNetwork,IOPS_275,716,0.2055165676342302
echoStateNetwork,IOPS_275,717,0.19144123495196463
echoStateNetwork,IOPS_275,718,0.8987541123629398
echoStateNetwork,IOPS_275,719,0.20727729961646413
echoStateNetwork,IOPS_275,720,0.016884158147344897
echoStateNetwork,IOPS_275,721,0.05431771412203257
echoStateNetwork,IOPS_275,722,0.31356849423531186
echoStateNetwork,IOPS_275,723,0.002443782462658528
echoStateNetwork,IOPS_275,724,0.49531392500656113
echoStateNetwork,IOPS_275,725,0.143540881790848
echoStateNetwork,IOPS_275,726,0.05482205366551873
echoStateNetwork,IOPS_275,727,0.08542097877821064
echoStateNetwork,IOPS_275,728,0.19689329306076875
echoStateNetwork,IOPS_275,729,0.0048044538755815935
echoStateNetwork,IOPS_275,730,0.6205119442871425
echoStateNetwork,IOPS_275,731,0.3218597802944325
echoStateNetwork,IOPS_275,732,0.32177294975429127
echoStateNetwork,IOPS_275,733,0.20125179941345572
echoStateNetwork,IOPS_275,734,0.20192085330752374
echoStateNetwork,IOPS_275,735,0.0016836013032385244
echoStateNetwork,IOPS_275,736,0.3341569046844137
echoStateNetwork,IOPS_275,737,0.8991123404044082
echoStateNetwork,IOPS_275,738,0.08753629629178639
echoStateNetwork,IOPS_275,739,0.2311395347857199
echoStateNetwork,IOPS_275,740,0.3092385257135236
echoStateNetwork,IOPS_275,741,0.3811047670427684
echoStateNetwork,IOPS_275,742,3.9788614433544645e-05
echoStateNetwork,IOPS_275,743,0.304913172845346
echoStateNetwork,IOPS_275,744,0.14098631950840468
echoStateNetwork,IOPS_275,745,0.01747093413602574
echoStateNetwork,IOPS_275,746,0.16202925370334365
echoStateNetwork,IOPS_275,747,0.00660538888581208
echoStateNetwork,IOPS_275,748,0.36831424607274243
echoStateNetwork,IOPS_275,749,0.11593219894970885
echoStateNetwork,IOPS_275,750,0.7307939937770824
echoStateNetwork,IOPS_275,751,0.006331413416861942
echoStateNetwork,IOPS_275,752,0.16894900346140618
echoStateNetwork,IOPS_275,753,0.05404841383189529
echoStateNetwork,IOPS_275,754,0.554514736143525
echoStateNetwork,IOPS_275,755,0.09170306774118253
echoStateNetwork,IOPS_275,756,0.30393034749758097
echoStateNetwork,IOPS_275,757,0.18001681086944155
echoStateNetwork,IOPS_275,758,0.6217011894496745
echoStateNetwork,IOPS_275,759,0.9009421307461979
echoStateNetwork,IOPS_275,760,0.41693004553904767
echoStateNetwork,IOPS_275,761,0.6395091266613095
echoStateNetwork,IOPS_275,762,0.6129456767785783
echoStateNetwork,IOPS_275,763,0.10986293719378137
echoStateNetwork,IOPS_275,764,0.7166846925174437
echoStateNetwork,IOPS_275,765,0.33970376231889887
echoStateNetwork,IOPS_275,766,0.23183400135699606
echoStateNetwork,IOPS_275,767,0.18501865633290326
echoStateNetwork,IOPS_275,768,0.16191731377035123
echoStateNetwork,IOPS_275,769,0.0883929630430772
echoStateNetwork,IOPS_275,770,0.0006937475005068805
echoStateNetwork,IOPS_275,771,0.006926690200504293
echoStateNetwork,IOPS_275,772,0.09278711500231773
echoStateNetwork,IOPS_275,773,0.1202958017327207
echoStateNetwork,IOPS_275,774,0.36162978462258555
echoStateNetwork,IOPS_275,775,0.1594378668107771
echoStateNetwork,IOPS_275,776,0.7173715548321566
echoStateNetwork,IOPS_275,777,0.10568203813114163
echoStateNetwork,IOPS_275,778,0.10013314470295853
echoStateNetwork,IOPS_275,779,0.18350350158430329
echoStateNetwork,IOPS_275,780,0.44794556065875546
echoStateNetwork,IOPS_275,781,0.32790813666130536
echoStateNetwork,IOPS_275,782,0.14701435455966838
echoStateNetwork,IOPS_275,783,0.010572102177137555
echoStateNetwork,IOPS_275,784,0.046763570486697326
echoStateNetwork,IOPS_275,785,0.08287445555378081
echoStateNetwork,IOPS_275,786,0.6442924851011855
echoStateNetwork,IOPS_275,787,0.7790556063504397
echoStateNetwork,IOPS_275,788,0.6672939554474513
echoStateNetwork,IOPS_275,789,0.25737532465636437
echoStateNetwork,IOPS_275,790,0.3976246996912681
echoStateNetwork,IOPS_275,791,0.0640008860884238
echoStateNetwork,IOPS_275,792,0.42009898139110924
echoStateNetwork,IOPS_275,793,0.12036173374802306
echoStateNetwork,IOPS_275,794,0.03232682561354139
echoStateNetwork,IOPS_275,795,0.13103815091227522
echoStateNetwork,IOPS_275,796,0.20679265631561372
echoStateNetwork,IOPS_275,797,0.2283237210534773
echoStateNetwork,IOPS_275,798,0.15133004256297045
echoStateNetwork,IOPS_275,799,0.0004420955302730789
echoStateNetwork,IOPS_275,800,0.8679133871556668
echoStateNetwork,IOPS_275,801,0.4439512182654338
echoStateNetwork,IOPS_275,802,0.6263900835642021
echoStateNetwork,IOPS_275,803,0.5413436978444439
echoStateNetwork,IOPS_275,804,0.22505972297700094
echoStateNetwork,IOPS_275,805,0.9410935335924674
echoStateNetwork,IOPS_275,806,0.2527077606407442
echoStateNetwork,IOPS_275,807,0.505110559974491
echoStateNetwork,IOPS_275,808,0.4161935918792854
echoStateNetwork,IOPS_275,809,0.49199243062325115
echoStateNetwork,IOPS_275,810,0.40211644536848024
echoStateNetwork,IOPS_275,811,0.5668060221837388
echoStateNetwork,IOPS_275,812,0.020339692840415924
echoStateNetwork,IOPS_275,813,0.07418411826265847
echoStateNetwork,IOPS_275,814,0.15336731088113809
echoStateNetwork,IOPS_275,815,0.19830470077095252
echoStateNetwork,IOPS_275,816,0.41282388939118686
echoStateNetwork,IOPS_275,817,0.1043847405367635
echoStateNetwork,IOPS_275,818,0.006562180843799892
echoStateNetwork,IOPS_275,819,0.2608759186175338
echoStateNetwork,IOPS_275,820,0.07040029482349153
echoStateNetwork,IOPS_275,821,0.09225975129658759
echoStateNetwork,IOPS_275,822,0.5234662921892752
echoStateNetwork,IOPS_275,823,0.04733918328045539
echoStateNetwork,IOPS_275,824,0.12692181269093483
echoStateNetwork,IOPS_275,825,0.018118754840821594
echoStateNetwork,IOPS_275,826,0.6756566671384039
echoStateNetwork,IOPS_275,827,0.828472311268506
echoStateNetwork,IOPS_275,828,0.9021073394553558
echoStateNetwork,IOPS_275,829,0.30276266031007315
echoStateNetwork,IOPS_275,830,0.6188543798525482
echoStateNetwork,IOPS_275,831,0.13449173137468284
echoStateNetwork,IOPS_275,832,0.9098386930962798
echoStateNetwork,IOPS_275,833,0.1267241374227217
echoStateNetwork,IOPS_275,834,0.12162991523910471
echoStateNetwork,IOPS_275,835,0.12480614012739921
echoStateNetwork,IOPS_275,836,0.009968046646887663
echoStateNetwork,IOPS_275,837,0.44555839640592754
echoStateNetwork,IOPS_275,838,0.3781084405314681
echoStateNetwork,IOPS_275,839,0.22382624893941416
echoStateNetwork,IOPS_275,840,0.394903287491173
echoStateNetwork,IOPS_275,841,0.056087377268237426
echoStateNetwork,IOPS_275,842,0.46258269335778335
echoStateNetwork,IOPS_275,843,0.44525139274234893
echoStateNetwork,IOPS_275,844,0.3764189348543725
echoStateNetwork,IOPS_275,845,0.09707693126693029
echoStateNetwork,IOPS_275,846,0.03128795972159182
echoStateNetwork,IOPS_275,847,0.3318395404827732
echoStateNetwork,IOPS_275,848,0.41805265191755014
echoStateNetwork,IOPS_275,849,0.1607316620722563
echoStateNetwork,IOPS_275,850,0.22659186930916142
echoStateNetwork,IOPS_275,851,0.03500229296388102
echoStateNetwork,IOPS_275,852,0.7275632948152937
echoStateNetwork,IOPS_275,853,0.05075809659883135
echoStateNetwork,IOPS_275,854,0.6198953634253098
echoStateNetwork,IOPS_275,855,0.23646027189929508
echoStateNetwork,IOPS_275,856,0.4979653810332496
echoStateNetwork,IOPS_275,857,0.023874150662165472
echoStateNetwork,IOPS_275,858,0.006002636640407455
echoStateNetwork,IOPS_275,859,0.3679198348614293
echoStateNetwork,IOPS_275,860,0.6406407885471865
echoStateNetwork,IOPS_275,861,0.10638382500261756
echoStateNetwork,IOPS_275,862,0.022396433079164724
echoStateNetwork,IOPS_275,863,0.7745655063452759
echoStateNetwork,IOPS_275,864,0.12080195793324455
echoStateNetwork,IOPS_275,865,0.6168365075252726
echoStateNetwork,IOPS_275,866,0.5593320417048688
echoStateNetwork,IOPS_275,867,0.41969016078118815
echoStateNetwork,IOPS_275,868,0.038595945863767245
echoStateNetwork,IOPS_275,869,0.5766518502665483
echoStateNetwork,IOPS_275,870,0.27349339597699784
echoStateNetwork,IOPS_275,871,0.09749529865430984
echoStateNetwork,IOPS_275,872,0.032674522272925555
echoStateNetwork,IOPS_275,873,0.0916733586720383
echoStateNetwork,IOPS_275,874,0.5915541604150714
echoStateNetwork,IOPS_275,875,0.032393657659888775
echoStateNetwork,IOPS_275,876,0.07314284257541281
echoStateNetwork,IOPS_275,877,0.1752477807835312
echoStateNetwork,IOPS_275,878,0.6616613183149582
echoStateNetwork,IOPS_275,879,0.251040412676108
echoStateNetwork,IOPS_275,880,0.006212798923114549
echoStateNetwork,IOPS_275,881,0.09331012336782973
echoStateNetwork,IOPS_275,882,0.7718184894426593
echoStateNetwork,IOPS_275,883,0.5134058526656257
echoStateNetwork,IOPS_275,884,0.6718241820279071
echoStateNetwork,IOPS_275,885,0.6457395375692518
echoStateNetwork,IOPS_275,886,0.49992849988340227
echoStateNetwork,IOPS_275,887,0.050934593633888636
echoStateNetwork,IOPS_275,888,0.6668942482161195
echoStateNetwork,IOPS_275,889,0.4536927607962633
echoStateNetwork,IOPS_275,890,0.0015012682738654304
echoStateNetwork,IOPS_275,891,0.012708768831638961
echoStateNetwork,IOPS_275,892,0.4745603041962274
echoStateNetwork,IOPS_275,893,0.11517089717222095
echoStateNetwork,IOPS_275,894,0.14820937086880281
echoStateNetwork,IOPS_275,895,0.04558083594953832
echoStateNetwork,IOPS_275,896,0.1145999515631767
echoStateNetwork,IOPS_275,897,0.1212769921088368
echoStateNetwork,IOPS_275,898,0.4958000315213045
echoStateNetwork,IOPS_275,899,0.10514713801978492
echoStateNetwork,IOPS_275,900,0.3727280724286006
echoStateNetwork,IOPS_275,901,0.275494366392955
echoStateNetwork,IOPS_275,902,0.1135780827535251
echoStateNetwork,IOPS_275,903,0.08832236231923374
echoStateNetwork,IOPS_275,904,0.0006486145252356801
echoStateNetwork,IOPS_275,905,0.017398896492014315
echoStateNetwork,IOPS_275,906,0.04536409664751839
echoStateNetwork,IOPS_275,907,0.04496241011941682
echoStateNetwork,IOPS_275,908,0.13864612550922173
echoStateNetwork,IOPS_275,909,0.1534251967247976
echoStateNetwork,IOPS_275,910,0.3740719900936338
echoStateNetwork,IOPS_275,911,0.1821987102588688
echoStateNetwork,IOPS_275,912,0.07022342896574785
echoStateNetwork,IOPS_275,913,0.03854027886549827
echoStateNetwork,IOPS_275,914,0.7523990971580116
echoStateNetwork,IOPS_275,915,0.5485458188829575
echoStateNetwork,IOPS_275,916,0.74471153027121
echoStateNetwork,IOPS_275,917,0.1750702460941158
echoStateNetwork,IOPS_275,918,0.2945665055251563
echoStateNetwork,IOPS_275,919,0.31904940552549743
echoStateNetwork,IOPS_275,920,0.8528792468516184
echoStateNetwork,IOPS_275,921,0.021659275222224328
echoStateNetwork,IOPS_275,922,0.7732097628753102
echoStateNetwork,IOPS_275,923,0.00018315841587979165
echoStateNetwork,IOPS_275,924,0.13696874995377284
echoStateNetwork,IOPS_275,925,0.0025757739058677176
echoStateNetwork,IOPS_275,926,0.2616199318047563
echoStateNetwork,IOPS_275,927,0.13973683247198265
echoStateNetwork,IOPS_275,928,0.24500638405730202
echoStateNetwork,IOPS_275,929,0.18826709806784503
echoStateNetwork,IOPS_275,930,0.11161320946489761
echoStateNetwork,IOPS_275,931,0.09089858585050614
echoStateNetwork,IOPS_275,932,0.12864919756390503
echoStateNetwork,IOPS_275,933,0.010112883795520888
echoStateNetwork,IOPS_275,934,0.005604268274919111
echoStateNetwork,IOPS_275,935,0.4311229215825275
echoStateNetwork,IOPS_275,936,0.49355194531036906
echoStateNetwork,IOPS_275,937,0.00027830587967059284
echoStateNetwork,IOPS_275,938,0.1702398976281384
echoStateNetwork,IOPS_275,939,0.017622178585690595
echoStateNetwork,IOPS_275,940,0.6258175379120284
echoStateNetwork,IOPS_275,941,0.42608964910292635
echoStateNetwork,IOPS_275,942,0.8739571039853896
echoStateNetwork,IOPS_275,943,0.25899796692882926
echoStateNetwork,IOPS_275,944,0.7388630681820687
echoStateNetwork,IOPS_275,945,0.34444126380657847
echoStateNetwork,IOPS_275,946,0.3692290939151678
echoStateNetwork,IOPS_275,947,0.10512775763983206
echoStateNetwork,IOPS_275,948,0.08096854416291599
echoStateNetwork,IOPS_275,949,0.3225657330057178
echoStateNetwork,IOPS_275,950,0.42637861982412295
echoStateNetwork,IOPS_275,951,0.6535847367738794
echoStateNetwork,IOPS_275,952,0.05628700466611769
echoStateNetwork,IOPS_275,953,0.5670468159908693
echoStateNetwork,IOPS_275,954,0.3060864195329307
echoStateNetwork,IOPS_275,955,0.19931573742857245
echoStateNetwork,IOPS_275,956,0.36231178213565807
echoStateNetwork,IOPS_275,957,0.026532924216770115
echoStateNetwork,IOPS_275,958,0.036006383931854846
echoStateNetwork,IOPS_275,959,0.45306025403721795
echoStateNetwork,IOPS_275,960,0.011706842050028254
echoStateNetwork,IOPS_275,961,0.578596440016103
echoStateNetwork,IOPS_275,962,0.025912100314871456
echoStateNetwork,IOPS_275,963,0.5628675920359716
echoStateNetwork,IOPS_275,964,0.625673860160756
echoStateNetwork,IOPS_275,965,0.14490647691414982
echoStateNetwork,IOPS_275,966,0.11400586042336391
echoStateNetwork,IOPS_275,967,0.2521144744412013
echoStateNetwork,IOPS_275,968,0.08316109343688116
echoStateNetwork,IOPS_275,969,0.0900511281943911
echoStateNetwork,IOPS_275,970,0.05214179577444089
echoStateNetwork,IOPS_275,971,0.1304989464759847
echoStateNetwork,IOPS_275,972,0.5995061506443402
echoStateNetwork,IOPS_275,973,0.5922853788647673
echoStateNetwork,IOPS_275,974,0.2072872264089578
echoStateNetwork,IOPS_275,975,0.5030856856744123
echoStateNetwork,IOPS_275,976,0.24897530099408294
echoStateNetwork,IOPS_275,977,0.0005933586367797838
echoStateNetwork,IOPS_275,978,0.7220008707161771
echoStateNetwork,IOPS_275,979,0.06242121066666628
echoStateNetwork,IOPS_275,980,0.0005466445038558865
echoStateNetwork,IOPS_275,981,0.05476707694034744
echoStateNetwork,IOPS_275,982,0.14851679573522625
echoStateNetwork,IOPS_275,983,0.43350681556407444
echoStateNetwork,IOPS_275,984,0.2781646128691224
echoStateNetwork,IOPS_275,985,0.10720345599807168
echoStateNetwork,IOPS_275,986,0.2784456222976145
echoStateNetwork,IOPS_275,987,0.6896998013468096
echoStateNetwork,IOPS_275,988,0.6403307145812803
echoStateNetwork,IOPS_275,989,0.05890696028401765
echoStateNetwork,IOPS_275,990,0.001415581171714586
echoStateNetwork,IOPS_275,991,0.001974498310645778
echoStateNetwork,IOPS_275,992,0.1324601808877599
echoStateNetwork,IOPS_275,993,0.10944435930485086
echoStateNetwork,IOPS_275,994,0.7156844869185515
echoStateNetwork,IOPS_275,995,0.1738010436525439
echoStateNetwork,IOPS_275,996,0.19595174901032553
echoStateNetwork,IOPS_275,997,0.3020698192903519
echoStateNetwork,IOPS_275,998,0.5582145107114607
echoStateNetwork,IOPS_275,999,0.1650757336780917
echoStateNetwork,IOPS_275,1000,0.37622457972269374
echoStateNetwork,IOPS_275,1001,0.6501321432585208
echoStateNetwork,IOPS_275,1002,0.010272021326457992
echoStateNetwork,IOPS_275,1003,0.06242241032075779
echoStateNetwork,IOPS_275,1004,0.06252809567642037
echoStateNetwork,IOPS_275,1005,5.297653612268416e-05
echoStateNetwork,IOPS_275,1006,0.026661614633216146
echoStateNetwork,IOPS_275,1007,0.38605263392692146
echoStateNetwork,IOPS_275,1008,0.07874120096145831
echoStateNetwork,IOPS_275,1009,0.1756349589170123
echoStateNetwork,IOPS_275,1010,0.007818880201460043
echoStateNetwork,IOPS_275,1011,0.03205039046790403
echoStateNetwork,IOPS_275,1012,0.27735869072280595
echoStateNetwork,IOPS_275,1013,0.07109154800388107
echoStateNetwork,IOPS_275,1014,0.27411638307611863
echoStateNetwork,IOPS_275,1015,0.38457047215475715
echoStateNetwork,IOPS_275,1016,0.18364233136779373
echoStateNetwork,IOPS_275,1017,0.150852178541256
echoStateNetwork,IOPS_275,1018,0.32689142330875054
echoStateNetwork,IOPS_275,1019,0.4386306751448529
echoStateNetwork,IOPS_275,1020,0.0010516654808987447
echoStateNetwork,IOPS_275,1021,0.013610900449812613
echoStateNetwork,IOPS_275,1022,0.6563557465896779
echoStateNetwork,IOPS_275,1023,0.4076310266314431
echoStateNetwork,IOPS_275,1024,0.3516232349018835
echoStateNetwork,IOPS_275,1025,0.031747388184105385
echoStateNetwork,IOPS_275,1026,0.11835331108612046
echoStateNetwork,IOPS_275,1027,0.10941932290319811
echoStateNetwork,IOPS_275,1028,0.13534495720349626
echoStateNetwork,IOPS_275,1029,0.0007635884936086912
echoStateNetwork,IOPS_275,1030,0.07336208596046745
echoStateNetwork,IOPS_275,1031,0.6022628029561128
echoStateNetwork,IOPS_275,1032,0.2509301619195312
echoStateNetwork,IOPS_275,1033,0.5863247346880183
echoStateNetwork,IOPS_275,1034,0.0033647172928187308
echoStateNetwork,IOPS_275,1035,0.6877072693586388
echoStateNetwork,IOPS_275,1036,0.06008711801139299
echoStateNetwork,IOPS_275,1037,0.006894343749072829
echoStateNetwork,IOPS_275,1038,0.18360027049054983
echoStateNetwork,IOPS_275,1039,0.03840002667055065
echoStateNetwork,IOPS_275,1040,0.3948157396493819
echoStateNetwork,IOPS_275,1041,0.1595652834266248
echoStateNetwork,IOPS_275,1042,0.10959461585989594
echoStateNetwork,IOPS_275,1043,0.3688458893839457
echoStateNetwork,IOPS_275,1044,0.25962198359145594
echoStateNetwork,IOPS_275,1045,0.21597283030816983
echoStateNetwork,IOPS_275,1046,0.2238524816033467
echoStateNetwork,IOPS_275,1047,0.6834988927722282
echoStateNetwork,IOPS_275,1048,0.45813064422368266
echoStateNetwork,IOPS_275,1049,0.0006665651441950526
echoStateNetwork,IOPS_275,1050,0.5301396051881282
echoStateNetwork,IOPS_275,1051,0.6839197244111737
echoStateNetwork,IOPS_275,1052,0.6514674289009753
echoStateNetwork,IOPS_275,1053,0.32364955942890705
echoStateNetwork,IOPS_275,1054,0.011710246264943658
echoStateNetwork,IOPS_275,1055,0.2681623620737523
echoStateNetwork,IOPS_275,1056,0.3054691245993588
echoStateNetwork,IOPS_275,1057,0.03559163685026068
echoStateNetwork,IOPS_275,1058,0.06767933204392396
echoStateNetwork,IOPS_275,1059,0.967449262421616
echoStateNetwork,IOPS_275,1060,0.019877409912724353
echoStateNetwork,IOPS_275,1061,0.8249513256321674
echoStateNetwork,IOPS_275,1062,0.06478458061134873
echoStateNetwork,IOPS_275,1063,0.35531457582455117
echoStateNetwork,IOPS_275,1064,0.8082800453136643
echoStateNetwork,IOPS_275,1065,0.9508373735869553
echoStateNetwork,IOPS_275,1066,0.0048590581096839
echoStateNetwork,IOPS_275,1067,0.027923312872697004
echoStateNetwork,IOPS_275,1068,0.02963643169975949
echoStateNetwork,IOPS_275,1069,0.3404553469268533
echoStateNetwork,IOPS_275,1070,0.030349705954194173
echoStateNetwork,IOPS_275,1071,0.5387707181788277
echoStateNetwork,IOPS_275,1072,0.8671111359006742
echoStateNetwork,IOPS_275,1073,0.9429031971109548
echoStateNetwork,IOPS_275,1074,0.9949413301153889
echoStateNetwork,IOPS_275,1075,0.03331054750212936
echoStateNetwork,IOPS_275,1076,0.3074076718401699
echoStateNetwork,IOPS_275,1077,0.646990857011049
echoStateNetwork,IOPS_275,1078,0.9613562052879537
echoStateNetwork,IOPS_275,1079,0.725673478751385
echoStateNetwork,IOPS_275,1080,0.8807193045992664
echoStateNetwork,IOPS_275,1081,0.7577997832100207
echoStateNetwork,IOPS_275,1082,0.9253369817782153
echoStateNetwork,IOPS_275,1083,0.551947130284645
echoStateNetwork,IOPS_275,1084,0.09420134304228966
echoStateNetwork,IOPS_275,1085,0.5248422598751854
echoStateNetwork,IOPS_275,1086,0.25213500017073365
echoStateNetwork,IOPS_275,1087,0.2100508131752007
echoStateNetwork,IOPS_275,1088,0.8654555635753187
echoStateNetwork,IOPS_275,1089,0.2531799256804633
echoStateNetwork,IOPS_275,1090,0.8242735377063322
echoStateNetwork,IOPS_275,1091,0.4551845091294835
echoStateNetwork,IOPS_275,1092,0.04286966731572628
echoStateNetwork,IOPS_275,1093,0.7691235100405719
echoStateNetwork,IOPS_275,1094,0.2522872913255031
echoStateNetwork,IOPS_275,1095,0.4859605459404456
echoStateNetwork,IOPS_275,1096,0.9660501345677777
echoStateNetwork,IOPS_275,1097,0.002217713088457418
echoStateNetwork,IOPS_275,1098,0.739059255122759
echoStateNetwork,IOPS_275,1099,0.7755510394949745
echoStateNetwork,IOPS_275,1100,0.9623794262871589
echoStateNetwork,IOPS_275,1101,0.41903826881255024
echoStateNetwork,IOPS_275,1102,0.8301321325792812
echoStateNetwork,IOPS_275,1103,0.5781319108467696
echoStateNetwork,IOPS_275,1104,0.9942901458947765
echoStateNetwork,IOPS_275,1105,0.4580113694105197
echoStateNetwork,IOPS_275,1106,0.6404181725867866
echoStateNetwork,IOPS_275,1107,0.47831186686253535
echoStateNetwork,IOPS_275,1108,0.0928296321193719
echoStateNetwork,IOPS_275,1109,0.052953225279622096
echoStateNetwork,IOPS_275,1110,0.1570209739324815
echoStateNetwork,IOPS_275,1111,0.4561204692912392
echoStateNetwork,IOPS_275,1112,0.7202709145211696
echoStateNetwork,IOPS_275,1113,1.15718261207709e-05
echoStateNetwork,IOPS_275,1114,0.03821940818665848
echoStateNetwork,IOPS_275,1115,0.663953814553863
echoStateNetwork,IOPS_275,1116,0.12661650169119731
echoStateNetwork,IOPS_275,1117,0.2570495727114839
echoStateNetwork,IOPS_275,1118,0.01822661328984121
echoStateNetwork,IOPS_275,1119,0.19075098431665716
echoStateNetwork,IOPS_275,1120,0.43353163967133646
echoStateNetwork,IOPS_275,1121,0.17810507004943288
echoStateNetwork,IOPS_275,1122,0.17460491365673136
echoStateNetwork,IOPS_275,1123,0.7690228832315482
echoStateNetwork,IOPS_275,1124,0.0960074081903628
echoStateNetwork,IOPS_275,1125,0.5718576061790763
echoStateNetwork,IOPS_275,1126,0.013187745385302763
echoStateNetwork,IOPS_275,1127,0.8295224704520934
echoStateNetwork,IOPS_275,1128,0.0001701332654083787
echoStateNetwork,IOPS_275,1129,0.36959649769922964
echoStateNetwork,IOPS_275,1130,0.13372649716891638
echoStateNetwork,IOPS_275,1131,0.002402817959407999
echoStateNetwork,IOPS_275,1132,0.038866384711586655
echoStateNetwork,IOPS_275,1133,0.5297631506031327
echoStateNetwork,IOPS_275,1134,0.48436852474198056
echoStateNetwork,IOPS_275,1135,0.10084516589537917
echoStateNetwork,IOPS_275,1136,0.13103576378384196
echoStateNetwork,IOPS_275,1137,0.2442090090075737
echoStateNetwork,IOPS_275,1138,0.6349041054842172
echoStateNetwork,IOPS_275,1139,0.01532991585763488
echoStateNetwork,IOPS_275,1140,0.052162432924365065
echoStateNetwork,IOPS_275,1141,0.12442916869261356
echoStateNetwork,IOPS_275,1142,0.4078709824869845
echoStateNetwork,IOPS_275,1143,0.05333717270701077
echoStateNetwork,IOPS_275,1144,0.036777009994547694
echoStateNetwork,IOPS_275,1145,0.12623588848887912
echoStateNetwork,IOPS_275,1146,0.3150937233750041
echoStateNetwork,IOPS_275,1147,0.0029081617171771157
echoStateNetwork,IOPS_275,1148,0.05207917981286736
echoStateNetwork,IOPS_275,1149,0.08474117643333412
echoStateNetwork,IOPS_275,1150,0.7106549474349106
echoStateNetwork,IOPS_275,1151,0.039934601445101525
echoStateNetwork,IOPS_275,1152,0.10280615463342058
echoStateNetwork,IOPS_275,1153,0.035774400892879976
echoStateNetwork,IOPS_275,1154,0.21877663953557513
echoStateNetwork,IOPS_275,1155,0.6305210791693455
echoStateNetwork,IOPS_275,1156,0.37015232373156537
echoStateNetwork,IOPS_275,1157,0.002064964045515927
echoStateNetwork,IOPS_275,1158,0.5199578516739849
echoStateNetwork,IOPS_275,1159,0.4003320683554147
echoStateNetwork,IOPS_275,1160,0.009769519540674065
echoStateNetwork,IOPS_275,1161,0.0041448442848779354
echoStateNetwork,IOPS_275,1162,0.04627283666406867
echoStateNetwork,IOPS_275,1163,0.13375968669584293
echoStateNetwork,IOPS_275,1164,0.44293735801708367
echoStateNetwork,IOPS_275,1165,0.014625193067937525
echoStateNetwork,IOPS_275,1166,0.22936158173374677
echoStateNetwork,IOPS_275,1167,0.003549961187882089
echoStateNetwork,IOPS_275,1168,0.4416834413755637
echoStateNetwork,IOPS_275,1169,0.16452067772662493
echoStateNetwork,IOPS_275,1170,0.014492071824045327
echoStateNetwork,IOPS_275,1171,0.00043715701478375113
echoStateNetwork,IOPS_275,1172,0.1472327307036404
echoStateNetwork,IOPS_275,1173,0.054368970552374996
echoStateNetwork,IOPS_275,1174,0.0011615593680138758
echoStateNetwork,IOPS_275,1175,0.005851781673705481
echoStateNetwork,IOPS_275,1176,0.10343231265179942
echoStateNetwork,IOPS_275,1177,0.24186189711884065
echoStateNetwork,IOPS_275,1178,0.0018502245289613306
echoStateNetwork,IOPS_275,1179,0.09920752330218963
echoStateNetwork,IOPS_275,1180,0.07594302009567344
echoStateNetwork,IOPS_275,1181,0.01419192938431546
echoStateNetwork,IOPS_275,1182,0.14706038077526873
echoStateNetwork,IOPS_275,1183,0.28243926911306205
echoStateNetwork,IOPS_275,1184,0.28378805767832627
echoStateNetwork,IOPS_275,1185,0.33205653991735495
echoStateNetwork,IOPS_275,1186,0.2193929606084677
echoStateNetwork,IOPS_275,1187,0.38620878187130814
echoStateNetwork,IOPS_275,1188,0.1299840032772539
echoStateNetwork,IOPS_275,1189,0.010962888971736029
echoStateNetwork,IOPS_275,1190,0.06015503775272679
echoStateNetwork,IOPS_275,1191,0.0981609860154723
echoStateNetwork,IOPS_275,1192,0.01343302560308679
echoStateNetwork,IOPS_275,1193,0.038864519151840526
echoStateNetwork,IOPS_275,1194,0.00733764670178727
echoStateNetwork,IOPS_275,1195,0.2851606474925933
echoStateNetwork,IOPS_275,1196,0.1787064656645393
echoStateNetwork,IOPS_275,1197,0.6754652180012599
echoStateNetwork,IOPS_275,1198,0.1642285210140617
echoStateNetwork,IOPS_275,1199,0.2611438368106026
echoStateNetwork,IOPS_275,1200,0.0023748255367272986
echoStateNetwork,IOPS_275,1201,0.002423895483103955
echoStateNetwork,IOPS_275,1202,0.0010293613233191001
echoStateNetwork,IOPS_275,1203,0.39953728639164043
echoStateNetwork,IOPS_275,1204,0.07575275759962197
echoStateNetwork,IOPS_275,1205,0.07705005073718507
echoStateNetwork,IOPS_275,1206,0.03305287369928611
echoStateNetwork,IOPS_275,1207,0.02040081739222155
echoStateNetwork,IOPS_275,1208,0.1807836206783321
echoStateNetwork,IOPS_275,1209,0.5549812457958241
echoStateNetwork,IOPS_275,1210,0.03442096153304808
echoStateNetwork,IOPS_275,1211,0.13684012867370376
echoStateNetwork,IOPS_275,1212,7.907613638247213e-05
echoStateNetwork,IOPS_275,1213,0.037950324057529405
echoStateNetwork,IOPS_275,1214,0.06528734375988754
echoStateNetwork,IOPS_275,1215,0.08133846374284126
echoStateNetwork,IOPS_275,1216,0.15052077508309913
echoStateNetwork,IOPS_275,1217,0.07584178286099785
echoStateNetwork,IOPS_275,1218,0.19226028506087156
echoStateNetwork,IOPS_275,1219,0.4399831115382503
echoStateNetwork,IOPS_275,1220,0.38874281687534806
echoStateNetwork,IOPS_275,1221,0.47697085702582787
echoStateNetwork,IOPS_275,1222,0.7974429084788306
echoStateNetwork,IOPS_275,1223,0.024615671857161514
echoStateNetwork,IOPS_275,1224,0.9655888281617394
echoStateNetwork,IOPS_275,1225,0.45743072328768064
echoStateNetwork,IOPS_275,1226,0.29963748233001364
echoStateNetwork,IOPS_275,1227,0.7815933506371188
echoStateNetwork,IOPS_275,1228,0.08049942292606926
echoStateNetwork,IOPS_275,1229,0.17386989725330537
echoStateNetwork,IOPS_275,1230,0.033046666363076294
echoStateNetwork,IOPS_275,1231,0.14536280532610169
echoStateNetwork,IOPS_275,1232,0.18286030103622208
echoStateNetwork,IOPS_275,1233,0.3186381327908471
echoStateNetwork,IOPS_275,1234,0.275936478671183
echoStateNetwork,IOPS_275,1235,0.08333342969595325
echoStateNetwork,IOPS_275,1236,0.4832053846507528
echoStateNetwork,IOPS_275,1237,0.15923951400336012
echoStateNetwork,IOPS_275,1238,0.08668435787823281
echoStateNetwork,IOPS_275,1239,0.6819133411620029
echoStateNetwork,IOPS_275,1240,0.0036472862113661186
echoStateNetwork,IOPS_275,1241,0.66434976828217
echoStateNetwork,IOPS_275,1242,0.4868550660419576
echoStateNetwork,IOPS_275,1243,0.5945788198597322
echoStateNetwork,IOPS_275,1244,0.6789135243656764
echoStateNetwork,IOPS_275,1245,0.8445693525039453
echoStateNetwork,IOPS_275,1246,0.7170786580340206
echoStateNetwork,IOPS_275,1247,0.22210745531339882
echoStateNetwork,IOPS_275,1248,0.6357134079553715
echoStateNetwork,IOPS_275,1249,0.25461253735544387
echoStateNetwork,IOPS_275,1250,0.024071324405266048
echoStateNetwork,IOPS_275,1251,0.13853030878455463
echoStateNetwork,IOPS_275,1252,0.5622011578846404
echoStateNetwork,IOPS_275,1253,0.09894767644953395
echoStateNetwork,IOPS_275,1254,0.5921134830533585
echoStateNetwork,IOPS_275,1255,0.7043650093059101
echoStateNetwork,IOPS_275,1256,0.05650061687899832
echoStateNetwork,IOPS_275,1257,0.19140611297802668
echoStateNetwork,IOPS_275,1258,0.03556870375021837
echoStateNetwork,IOPS_275,1259,0.44791792690834564
echoStateNetwork,IOPS_275,1260,0.5685687043293282
echoStateNetwork,IOPS_275,1261,0.9697215337604372
echoStateNetwork,IOPS_275,1262,0.9370942773185481
echoStateNetwork,IOPS_275,1263,0.8326629586188958
echoStateNetwork,IOPS_275,1264,0.5243747123334943
echoStateNetwork,IOPS_275,1265,0.7548126308625559
echoStateNetwork,IOPS_275,1266,0.006896622400727526
echoStateNetwork,IOPS_275,1267,0.512390090470276
echoStateNetwork,IOPS_275,1268,0.21757062553487327
echoStateNetwork,IOPS_275,1269,0.07860969146025054
echoStateNetwork,IOPS_275,1270,0.004060257151633939
echoStateNetwork,IOPS_275,1271,0.2921501916571724
echoStateNetwork,IOPS_275,1272,0.15224611991045633
echoStateNetwork,IOPS_275,1273,0.8829735427496417
echoStateNetwork,IOPS_275,1274,0.05348861246791925
echoStateNetwork,IOPS_275,1275,0.7802410189206694
echoStateNetwork,IOPS_275,1276,0.649181520522381
echoStateNetwork,IOPS_275,1277,0.39607634494014254
echoStateNetwork,IOPS_275,1278,0.37689443998393046
echoStateNetwork,IOPS_275,1279,0.037419149096463156
echoStateNetwork,IOPS_275,1280,0.4269095226180192
echoStateNetwork,IOPS_275,1281,0.6549783637749721
echoStateNetwork,IOPS_275,1282,0.514277748338841
echoStateNetwork,IOPS_275,1283,0.033323266293159404
echoStateNetwork,IOPS_275,1284,0.713771498319274
echoStateNetwork,IOPS_275,1285,0.749193159213994
echoStateNetwork,IOPS_275,1286,0.04899215293831238
echoStateNetwork,IOPS_275,1287,0.5984544594500468
echoStateNetwork,IOPS_275,1288,0.13607594078307106
echoStateNetwork,IOPS_275,1289,0.4060215537170123
echoStateNetwork,IOPS_275,1290,0.8334134066434296
echoStateNetwork,IOPS_275,1291,0.1054941518933945
echoStateNetwork,IOPS_275,1292,0.8142201902639714
echoStateNetwork,IOPS_275,1293,0.5605355365227702
echoStateNetwork,IOPS_275,1294,0.23914473685293947
echoStateNetwork,IOPS_275,1295,0.5040250821614074
echoStateNetwork,IOPS_275,1296,0.6048803795338631
echoStateNetwork,IOPS_275,1297,0.6117839382740107
echoStateNetwork,IOPS_275,1298,0.29839592771327184
echoStateNetwork,IOPS_275,1299,0.17750968074518225
echoStateNetwork,IOPS_275,1300,0.25281354683309265
echoStateNetwork,IOPS_275,1301,0.400301160833631
echoStateNetwork,IOPS_275,1302,0.7233505083004311
echoStateNetwork,IOPS_275,1303,0.7757634369690566
echoStateNetwork,IOPS_275,1304,0.01228391649913152
echoStateNetwork,IOPS_275,1305,0.20281204296004396
echoStateNetwork,IOPS_275,1306,0.26842544755021525
echoStateNetwork,IOPS_275,1307,0.7650134620173976
echoStateNetwork,IOPS_275,1308,0.3562947065562324
echoStateNetwork,IOPS_275,1309,0.027249322968598055
echoStateNetwork,IOPS_275,1310,0.15170819488841947
echoStateNetwork,IOPS_275,1311,0.6481115725544038
echoStateNetwork,IOPS_275,1312,0.11349315375474811
echoStateNetwork,IOPS_275,1313,0.16848505778822298
echoStateNetwork,IOPS_275,1314,0.9395157343414814
echoStateNetwork,IOPS_275,1315,0.23103877423332042
echoStateNetwork,IOPS_275,1316,0.03708264575837228
echoStateNetwork,IOPS_275,1317,9.918695978994307e-06
echoStateNetwork,IOPS_275,1318,0.09985497490777018
echoStateNetwork,IOPS_275,1319,0.7415597139045753
echoStateNetwork,IOPS_275,1320,0.06083025083520077
echoStateNetwork,IOPS_275,1321,0.9712851271821331
echoStateNetwork,IOPS_275,1322,0.8470140280539633
echoStateNetwork,IOPS_275,1323,0.14766232484696584
echoStateNetwork,IOPS_275,1324,0.4474924381535017
echoStateNetwork,IOPS_275,1325,0.012110242903693447
echoStateNetwork,IOPS_275,1326,0.3748291912629452
echoStateNetwork,IOPS_275,1327,0.007159592972644679
echoStateNetwork,IOPS_275,1328,0.5960348638575623
echoStateNetwork,IOPS_275,1329,0.07369669072145946
echoStateNetwork,IOPS_275,1330,0.07808913333118339
echoStateNetwork,IOPS_275,1331,0.5028714087855286
echoStateNetwork,IOPS_275,1332,0.058785856498133726
echoStateNetwork,IOPS_275,1333,0.7983465321301267
echoStateNetwork,IOPS_275,1334,0.6795794387182839
echoStateNetwork,IOPS_275,1335,0.01835234835306221
echoStateNetwork,IOPS_275,1336,0.1969371752161302
echoStateNetwork,IOPS_275,1337,0.02086138241891944
echoStateNetwork,IOPS_275,1338,0.25215738769597273
echoStateNetwork,IOPS_275,1339,0.08907487003558301
echoStateNetwork,IOPS_275,1340,0.00011418019735587315
echoStateNetwork,IOPS_275,1341,0.8244801932523607
echoStateNetwork,IOPS_275,1342,0.019998928633479074
echoStateNetwork,IOPS_275,1343,0.9526478476636462
echoStateNetwork,IOPS_275,1344,0.16789182075218312
echoStateNetwork,IOPS_275,1345,0.10370474214441561
echoStateNetwork,IOPS_275,1346,0.810573338591737
echoStateNetwork,IOPS_275,1347,0.4369137583420062
echoStateNetwork,IOPS_275,1348,0.3374811962214024
echoStateNetwork,IOPS_275,1349,0.31627790580909143
echoStateNetwork,IOPS_275,1350,0.017866730967684985
echoStateNetwork,IOPS_275,1351,0.00023353301537010207
echoStateNetwork,IOPS_275,1352,0.4347615586884399
echoStateNetwork,IOPS_275,1353,0.38533847884640704
echoStateNetwork,IOPS_275,1354,0.8214404753137097
echoStateNetwork,IOPS_275,1355,0.06924219847087154
echoStateNetwork,IOPS_275,1356,0.1555457936229755
echoStateNetwork,IOPS_275,1357,0.07418354790760151
echoStateNetwork,IOPS_275,1358,0.32512039362438705
echoStateNetwork,IOPS_275,1359,0.4697029972261647
echoStateNetwork,IOPS_275,1360,0.5889842096822504
echoStateNetwork,IOPS_275,1361,0.019036424476542524
echoStateNetwork,IOPS_275,1362,0.22313857498791234
echoStateNetwork,IOPS_275,1363,0.26899423929728083
echoStateNetwork,IOPS_275,1364,0.036658508553103264
echoStateNetwork,IOPS_275,1365,0.04673566469444246
echoStateNetwork,IOPS_275,1366,0.11136152345380135
echoStateNetwork,IOPS_275,1367,0.15720105485109004
echoStateNetwork,IOPS_275,1368,0.3735049270793487
echoStateNetwork,IOPS_275,1369,0.011130848699189566
echoStateNetwork,IOPS_275,1370,0.12277481514404187
echoStateNetwork,IOPS_275,1371,0.04538468189412748
echoStateNetwork,IOPS_275,1372,0.15291856552867011
echoStateNetwork,IOPS_275,1373,0.21531522528823288
echoStateNetwork,IOPS_275,1374,0.0052735045027387795
echoStateNetwork,IOPS_275,1375,0.11598878541517199
echoStateNetwork,IOPS_275,1376,0.5754777128580201
echoStateNetwork,IOPS_275,1377,0.2470283155116636
echoStateNetwork,IOPS_275,1378,0.41254035547645884
echoStateNetwork,IOPS_275,1379,0.06980143726775023
echoStateNetwork,IOPS_275,1380,0.18464120969237718
echoStateNetwork,IOPS_275,1381,0.0012012282367360738
echoStateNetwork,IOPS_275,1382,0.5095447755651761
echoStateNetwork,IOPS_275,1383,0.28515591313675326
echoStateNetwork,IOPS_275,1384,0.8192541211501175
echoStateNetwork,IOPS_275,1385,0.6158215486330068
echoStateNetwork,IOPS_275,1386,0.009743027910106838
echoStateNetwork,IOPS_275,1387,0.0043044549983555225
echoStateNetwork,IOPS_275,1388,0.005120043911774674
echoStateNetwork,IOPS_275,1389,0.08960295095394488
echoStateNetwork,IOPS_275,1390,0.19394932981702706
echoStateNetwork,IOPS_275,1391,0.11716811513038905
echoStateNetwork,IOPS_275,1392,0.00044810566404274166
echoStateNetwork,IOPS_275,1393,0.8075501351915287
echoStateNetwork,IOPS_275,1394,0.00012379697447451044
echoStateNetwork,IOPS_275,1395,0.01569559506401319
echoStateNetwork,IOPS_275,1396,0.0332878913224921
echoStateNetwork,IOPS_275,1397,0.239962360447886
echoStateNetwork,IOPS_275,1398,0.01569800432588153
echoStateNetwork,IOPS_275,1399,0.02923619297585467
echoStateNetwork,IOPS_275,1400,0.9078527968257606
echoStateNetwork,IOPS_275,1401,0.429148406552462
echoStateNetwork,IOPS_275,1402,0.7686144538729477
echoStateNetwork,IOPS_275,1403,0.22993146957838206
echoStateNetwork,IOPS_275,1404,0.7276857781544845
echoStateNetwork,IOPS_275,1405,0.000987641255446814
echoStateNetwork,IOPS_275,1406,0.8352766120855155
echoStateNetwork,IOPS_275,1407,0.10943971594839885
echoStateNetwork,IOPS_275,1408,0.3736035243439628
echoStateNetwork,IOPS_275,1409,0.15286684338222156
echoStateNetwork,IOPS_275,1410,0.0016876289796093902
echoStateNetwork,IOPS_275,1411,0.014459725084427166
echoStateNetwork,IOPS_275,1412,0.002027024810385414
echoStateNetwork,IOPS_275,1413,0.19718500930821203
echoStateNetwork,IOPS_275,1414,0.08012791824928955
echoStateNetwork,IOPS_275,1415,0.42745348788968907
echoStateNetwork,IOPS_275,1416,0.13755376101254568
echoStateNetwork,IOPS_275,1417,0.013220772394560543
echoStateNetwork,IOPS_275,1418,0.5556260174622822
echoStateNetwork,IOPS_275,1419,0.07203507415367116
echoStateNetwork,IOPS_275,1420,0.6589636745345429
echoStateNetwork,IOPS_275,1421,0.5958717879202622
echoStateNetwork,IOPS_275,1422,0.8844485034313221
echoStateNetwork,IOPS_275,1423,0.006419794206115492
echoStateNetwork,IOPS_275,1424,0.8449135642543376
echoStateNetwork,IOPS_275,1425,0.00065132772177523
echoStateNetwork,IOPS_275,1426,0.6037334615841298
echoStateNetwork,IOPS_275,1427,0.825173334194016
echoStateNetwork,IOPS_275,1428,0.8265532031587755
echoStateNetwork,IOPS_275,1429,0.6250800357155541
echoStateNetwork,IOPS_275,1430,0.4646960265244173
echoStateNetwork,IOPS_275,1431,0.06903127229178285
echoStateNetwork,IOPS_275,1432,0.16016781195736374
echoStateNetwork,IOPS_275,1433,0.23192999457656538
echoStateNetwork,IOPS_275,1434,0.0007486417849666971
echoStateNetwork,IOPS_275,1435,0.0010237362677663064
echoStateNetwork,IOPS_275,1436,0.025946522089375756
echoStateNetwork,IOPS_275,1437,0.027881868545608035
echoStateNetwork,IOPS_275,1438,0.6164204260212647
echoStateNetwork,IOPS_275,1439,0.778666137986166
echoStateNetwork,IOPS_275,1440,0.09206542761833636
echoStateNetwork,IOPS_275,1441,0.8058217697686637
echoStateNetwork,IOPS_275,1442,0.2852513733703048
echoStateNetwork,IOPS_275,1443,0.8334132828292833
echoStateNetwork,IOPS_275,1444,0.00080522805955352
echoStateNetwork,IOPS_275,1445,0.2257051077062826
echoStateNetwork,IOPS_275,1446,0.010517711624444148
echoStateNetwork,IOPS_275,1447,0.0004095067964263732
echoStateNetwork,IOPS_275,1448,0.007434718138493834
echoStateNetwork,IOPS_275,1449,0.43971318312453334
echoStateNetwork,IOPS_275,1450,0.2263520279516822
echoStateNetwork,IOPS_275,1451,0.09870560868462874
echoStateNetwork,IOPS_275,1452,0.006965090031805121
echoStateNetwork,IOPS_275,1453,0.2756105385093889
echoStateNetwork,IOPS_275,1454,0.6152076763003609
echoStateNetwork,IOPS_275,1455,0.8950874804050154
echoStateNetwork,IOPS_275,1456,0.15308183939604814
echoStateNetwork,IOPS_275,1457,0.0430538815982483
echoStateNetwork,IOPS_275,1458,0.2030597635965412
echoStateNetwork,IOPS_275,1459,0.0005606689878658866
echoStateNetwork,IOPS_275,1460,0.7823275826346459
echoStateNetwork,IOPS_275,1461,0.7298088880374809
echoStateNetwork,IOPS_275,1462,0.6468099378602976
echoStateNetwork,IOPS_275,1463,0.8264406533954213
echoStateNetwork,IOPS_275,1464,0.4023615583414558
echoStateNetwork,IOPS_275,1465,0.02983777880183136
echoStateNetwork,IOPS_275,1466,0.625359539536334
echoStateNetwork,IOPS_275,1467,0.005876667434116412
echoStateNetwork,IOPS_275,1468,0.05582445290279103
echoStateNetwork,IOPS_275,1469,0.4405772412157637
echoStateNetwork,IOPS_275,1470,0.0015819928612751388
echoStateNetwork,IOPS_275,1471,0.15512017853463722
echoStateNetwork,IOPS_275,1472,0.01256332728167664
echoStateNetwork,IOPS_275,1473,0.22446764196888402
echoStateNetwork,IOPS_275,1474,0.2843719422810387
echoStateNetwork,IOPS_275,1475,0.34903180178789295
echoStateNetwork,IOPS_275,1476,0.861020102605904
echoStateNetwork,IOPS_275,1477,0.635440617262678
echoStateNetwork,IOPS_275,1478,0.5817193310875073
echoStateNetwork,IOPS_275,1479,0.1609361497151841
echoStateNetwork,IOPS_275,1480,0.33495882761602314
echoStateNetwork,IOPS_275,1481,0.01022119460498061
echoStateNetwork,IOPS_275,1482,0.1243553062251872
echoStateNetwork,IOPS_275,1483,0.0850603680307167
echoStateNetwork,IOPS_275,1484,0.357113736172218
echoStateNetwork,IOPS_275,1485,0.05717290247783635
echoStateNetwork,IOPS_275,1486,0.15298011608648143
echoStateNetwork,IOPS_275,1487,0.47636899278217404
echoStateNetwork,IOPS_275,1488,0.4143560313786767
echoStateNetwork,IOPS_275,1489,0.1986047427409452
echoStateNetwork,IOPS_275,1490,0.1442493817407705
echoStateNetwork,IOPS_275,1491,0.42455338856889424
echoStateNetwork,IOPS_275,1492,0.005668827932468368
echoStateNetwork,IOPS_275,1493,0.43409471112008513
echoStateNetwork,IOPS_275,1494,0.0209746499652691
echoStateNetwork,IOPS_275,1495,0.6228861960692189
echoStateNetwork,IOPS_275,1496,0.0759661895497381
echoStateNetwork,IOPS_275,1497,0.1896516360333157
echoStateNetwork,IOPS_275,1498,0.7152028347597414
echoStateNetwork,IOPS_275,1499,0.002652636017652865
echoStateNetwork,IOPS_275,1500,0.32751550657772843
echoStateNetwork,IOPS_275,1501,0.0003636056237645846
echoStateNetwork,IOPS_275,1502,0.429194563120849
echoStateNetwork,IOPS_275,1503,0.14911232307272593
echoStateNetwork,IOPS_275,1504,0.5907601339584715
echoStateNetwork,IOPS_275,1505,0.10726468360196173
echoStateNetwork,IOPS_275,1506,0.04612382945682958
echoStateNetwork,IOPS_275,1507,0.11207395627524774
echoStateNetwork,IOPS_275,1508,0.40879061143970563
echoStateNetwork,IOPS_275,1509,0.6393857543862884
echoStateNetwork,IOPS_275,1510,0.22952995284334343
echoStateNetwork,IOPS_275,1511,0.22292106493714203
echoStateNetwork,IOPS_275,1512,0.0020368593381369093
echoStateNetwork,IOPS_275,1513,0.1663307486396285
echoStateNetwork,IOPS_275,1514,0.008734851278735856
echoStateNetwork,IOPS_275,1515,0.2640787330282832
echoStateNetwork,IOPS_275,1516,0.054501726831685304
echoStateNetwork,IOPS_275,1517,0.48000512415421803
echoStateNetwork,IOPS_275,1518,0.07289730995247634
echoStateNetwork,IOPS_275,1519,0.1512973415791834
echoStateNetwork,IOPS_275,1520,0.021178648818032553
echoStateNetwork,IOPS_275,1521,0.36677933721662836
echoStateNetwork,IOPS_275,1522,0.5452986115488827
echoStateNetwork,IOPS_275,1523,0.35722635557614424
echoStateNetwork,IOPS_275,1524,0.8979033608513646
echoStateNetwork,IOPS_275,1525,0.3874879818584188
echoStateNetwork,IOPS_275,1526,0.8415639172927437
echoStateNetwork,IOPS_275,1527,0.10744290092705511
echoStateNetwork,IOPS_275,1528,0.4579012325474341
echoStateNetwork,IOPS_275,1529,0.02352670243183974
echoStateNetwork,IOPS_275,1530,0.8894366710069858
echoStateNetwork,IOPS_275,1531,0.10238821313227897
echoStateNetwork,IOPS_275,1532,0.37938178784626886
echoStateNetwork,IOPS_275,1533,0.274159330900296
echoStateNetwork,IOPS_275,1534,0.08346304105080105
echoStateNetwork,IOPS_275,1535,0.014566793150203816
echoStateNetwork,IOPS_275,1536,0.009589500001502604
echoStateNetwork,IOPS_275,1537,2.0651155862361215e-05
echoStateNetwork,IOPS_275,1538,0.4188227316936747
echoStateNetwork,IOPS_275,1539,0.00016825528163999515
echoStateNetwork,IOPS_275,1540,0.032887443920649795
echoStateNetwork,IOPS_275,1541,0.019897504076652583
echoStateNetwork,IOPS_275,1542,0.0044270647079328596
echoStateNetwork,IOPS_275,1543,0.20596222234742112
echoStateNetwork,IOPS_275,1544,0.46931474253560634
echoStateNetwork,IOPS_275,1545,0.26568886967451155
echoStateNetwork,IOPS_275,1546,0.774189560469299
echoStateNetwork,IOPS_275,1547,0.03669517552640589
echoStateNetwork,IOPS_275,1548,0.3539384950066079
echoStateNetwork,IOPS_275,1549,0.12038364351228747
echoStateNetwork,IOPS_275,1550,0.6310535952340997
echoStateNetwork,IOPS_275,1551,0.021801331741222896
echoStateNetwork,IOPS_275,1552,0.5669665235074586
echoStateNetwork,IOPS_275,1553,0.10941850012934395
echoStateNetwork,IOPS_275,1554,0.10794839694588154
echoStateNetwork,IOPS_275,1555,0.013458152365473097
echoStateNetwork,IOPS_275,1556,0.00021328166348832944
echoStateNetwork,IOPS_275,1557,0.407187758872415
echoStateNetwork,IOPS_275,1558,0.04165302035029672
echoStateNetwork,IOPS_275,1559,0.37098800684091604
echoStateNetwork,IOPS_275,1560,0.5498491775926131
echoStateNetwork,IOPS_275,1561,0.0014213841101721192
echoStateNetwork,IOPS_275,1562,0.05466898398214903
echoStateNetwork,IOPS_275,1563,0.04013888344363459
echoStateNetwork,IOPS_275,1564,0.023947916736974273
echoStateNetwork,IOPS_275,1565,0.09882936244671148
echoStateNetwork,IOPS_275,1566,0.033255854225692105
echoStateNetwork,IOPS_275,1567,0.11662097695220253
echoStateNetwork,IOPS_275,1568,0.21298856975921132
echoStateNetwork,IOPS_275,1569,0.07338042609566042
echoStateNetwork,IOPS_275,1570,0.04595926276110052
echoStateNetwork,IOPS_275,1571,0.29836669120502635
echoStateNetwork,IOPS_275,1572,0.7518991100427872
echoStateNetwork,IOPS_275,1573,0.0012929855120451528
echoStateNetwork,IOPS_275,1574,0.5291451922248533
echoStateNetwork,IOPS_275,1575,0.009238685506263722
echoStateNetwork,IOPS_275,1576,0.25543001745927907
echoStateNetwork,IOPS_275,1577,0.10362631221515362
echoStateNetwork,IOPS_275,1578,0.02643198933597868
echoStateNetwork,IOPS_275,1579,0.5671296228975036
echoStateNetwork,IOPS_275,1580,0.36706911276685295
echoStateNetwork,IOPS_275,1581,0.5361727889794896
echoStateNetwork,IOPS_275,1582,0.8170513083696777
echoStateNetwork,IOPS_275,1583,0.01139502612618759
echoStateNetwork,IOPS_275,1584,0.021050229610608873
echoStateNetwork,IOPS_275,1585,0.6361240001404227
echoStateNetwork,IOPS_275,1586,0.15444404436784542
echoStateNetwork,IOPS_275,1587,0.011997232209432607
echoStateNetwork,IOPS_275,1588,0.01018042076527903
echoStateNetwork,IOPS_275,1589,0.05897297873112106
echoStateNetwork,IOPS_275,1590,0.3375893245422328
echoStateNetwork,IOPS_275,1591,0.014680551023402044
echoStateNetwork,IOPS_275,1592,0.02698954994849867
echoStateNetwork,IOPS_275,1593,0.7500379230760551
echoStateNetwork,IOPS_275,1594,0.00023218984955963862
echoStateNetwork,IOPS_275,1595,0.6604928481173735
echoStateNetwork,IOPS_275,1596,0.22010719148601743
echoStateNetwork,IOPS_275,1597,0.471178901352312
echoStateNetwork,IOPS_275,1598,0.09328457177521787
echoStateNetwork,IOPS_275,1599,0.5286437787470276
echoStateNetwork,IOPS_275,1600,0.002459526533382883
echoStateNetwork,IOPS_275,1601,0.7912425773508177
echoStateNetwork,IOPS_275,1602,0.15828685551369226
echoStateNetwork,IOPS_275,1603,0.7743703039397583
echoStateNetwork,IOPS_275,1604,0.8802917444068995
echoStateNetwork,IOPS_275,1605,0.0058176416519499785
echoStateNetwork,IOPS_275,1606,0.10539274461378545
echoStateNetwork,IOPS_275,1607,0.7599588808700807
echoStateNetwork,IOPS_275,1608,0.2642310797248919
echoStateNetwork,IOPS_275,1609,0.1452435747297367
echoStateNetwork,IOPS_275,1610,0.13694223165290043
echoStateNetwork,IOPS_275,1611,0.37710564268369595
echoStateNetwork,IOPS_275,1612,0.15611127503526112
echoStateNetwork,IOPS_275,1613,0.007460598774202909
echoStateNetwork,IOPS_275,1614,0.23818214719955189
echoStateNetwork,IOPS_275,1615,0.7436968511500704
echoStateNetwork,IOPS_275,1616,0.732490823136706
echoStateNetwork,IOPS_275,1617,0.7941334982683668
echoStateNetwork,IOPS_275,1618,0.13177319362650397
echoStateNetwork,IOPS_275,1619,0.29822070034153303
echoStateNetwork,IOPS_275,1620,0.20754006535517378
echoStateNetwork,IOPS_275,1621,0.40276963200277927
echoStateNetwork,IOPS_275,1622,0.48772905777996967
echoStateNetwork,IOPS_275,1623,0.7511516239322682
echoStateNetwork,IOPS_275,1624,0.3859038173666306
echoStateNetwork,IOPS_275,1625,0.8740939897510377
echoStateNetwork,IOPS_275,1626,0.3605242057039635
echoStateNetwork,IOPS_275,1627,0.007033833744107931
echoStateNetwork,IOPS_275,1628,0.10832813324061441
echoStateNetwork,IOPS_275,1629,0.31141188446740153
echoStateNetwork,IOPS_275,1630,0.004471463842924295
echoStateNetwork,IOPS_275,1631,0.7529609747100257
echoStateNetwork,IOPS_275,1632,0.620170604031263
echoStateNetwork,IOPS_275,1633,0.15567666773132605
echoStateNetwork,IOPS_275,1634,0.00028741769201390266
echoStateNetwork,IOPS_275,1635,0.14744039120675534
echoStateNetwork,IOPS_275,1636,0.2992192476336303
echoStateNetwork,IOPS_275,1637,0.003676636583225701
echoStateNetwork,IOPS_275,1638,0.7954764965884682
echoStateNetwork,IOPS_275,1639,0.22921922572436804
echoStateNetwork,IOPS_275,1640,0.34147028241617794
echoStateNetwork,IOPS_275,1641,0.3333225061864603
echoStateNetwork,IOPS_275,1642,0.03746434040182067
echoStateNetwork,IOPS_275,1643,0.08750544865178822
echoStateNetwork,IOPS_275,1644,0.6395742265570091
echoStateNetwork,IOPS_275,1645,0.3812093325834438
echoStateNetwork,IOPS_275,1646,0.6815103193236072
echoStateNetwork,IOPS_275,1647,0.7578760459597582
echoStateNetwork,IOPS_275,1648,0.14484490391113058
echoStateNetwork,IOPS_275,1649,0.021635113060478273
echoStateNetwork,IOPS_275,1650,0.21525189299537006
echoStateNetwork,IOPS_275,1651,0.06839077271301053
echoStateNetwork,IOPS_275,1652,0.3333558117054687
echoStateNetwork,IOPS_275,1653,0.5909237313139528
echoStateNetwork,IOPS_275,1654,0.6412328713617932
echoStateNetwork,IOPS_275,1655,0.3272497208447305
echoStateNetwork,IOPS_275,1656,0.10763631717885391
echoStateNetwork,IOPS_275,1657,0.08654875218983915
echoStateNetwork,IOPS_275,1658,0.07322390837450232
echoStateNetwork,IOPS_275,1659,0.27074830156995844
echoStateNetwork,IOPS_275,1660,0.013083354961313187
echoStateNetwork,IOPS_275,1661,0.005427074268837373
echoStateNetwork,IOPS_275,1662,0.011370104004826964
echoStateNetwork,IOPS_275,1663,0.05353781002994096
echoStateNetwork,IOPS_275,1664,0.018382025577757588
echoStateNetwork,IOPS_275,1665,0.00734451261829383
echoStateNetwork,IOPS_275,1666,0.2816282932017079
echoStateNetwork,IOPS_275,1667,0.8053620959797373
echoStateNetwork,IOPS_275,1668,0.6238649646218326
echoStateNetwork,IOPS_275,1669,0.9457913139489215
echoStateNetwork,IOPS_275,1670,0.003522880859029409
echoStateNetwork,IOPS_275,1671,0.14562226338932382
echoStateNetwork,IOPS_275,1672,0.3626880477289681
echoStateNetwork,IOPS_275,1673,0.02767479053570432
echoStateNetwork,IOPS_275,1674,0.7223386232491291
echoStateNetwork,IOPS_275,1675,0.9026823122391627
echoStateNetwork,IOPS_275,1676,0.3462296906535437
echoStateNetwork,IOPS_275,1677,0.007902115443960578
echoStateNetwork,IOPS_275,1678,0.23834740417677558
echoStateNetwork,IOPS_275,1679,0.021338813378697696
echoStateNetwork,IOPS_275,1680,0.3858614409294966
echoStateNetwork,IOPS_275,1681,0.05192525247559976
echoStateNetwork,IOPS_275,1682,0.9156342802842624
echoStateNetwork,IOPS_275,1683,0.15566037684336775
echoStateNetwork,IOPS_275,1684,0.7806218296661078
echoStateNetwork,IOPS_275,1685,0.008562044681846293
echoStateNetwork,IOPS_275,1686,0.0012180118415355823
echoStateNetwork,IOPS_275,1687,0.04606692181360339
echoStateNetwork,IOPS_275,1688,0.5362254413229064
echoStateNetwork,IOPS_275,1689,0.7833214790324823
echoStateNetwork,IOPS_275,1690,0.4307872469282735
echoStateNetwork,IOPS_275,1691,0.9352731909707018
echoStateNetwork,IOPS_275,1692,0.36189368340671924
echoStateNetwork,IOPS_275,1693,0.09485046928132079
echoStateNetwork,IOPS_275,1694,0.6517736912752705
echoStateNetwork,IOPS_275,1695,0.014634645660451473
echoStateNetwork,IOPS_275,1696,0.9351289839132407
echoStateNetwork,IOPS_275,1697,0.3377821066124299
echoStateNetwork,IOPS_275,1698,0.02934700058415718
echoStateNetwork,IOPS_275,1699,0.5752223391758116
echoStateNetwork,IOPS_275,1700,0.2566842169900092
echoStateNetwork,IOPS_275,1701,0.33793974992822007
echoStateNetwork,IOPS_275,1702,0.6525271554241678
echoStateNetwork,IOPS_275,1703,0.000603064515482088
echoStateNetwork,IOPS_275,1704,0.3281288918418659
echoStateNetwork,IOPS_275,1705,0.3829560169002073
echoStateNetwork,IOPS_275,1706,0.11349994548463305
echoStateNetwork,IOPS_275,1707,0.2475348107774763
echoStateNetwork,IOPS_275,1708,0.00041089309222630543
echoStateNetwork,IOPS_275,1709,0.5302787434749832
echoStateNetwork,IOPS_275,1710,0.7581025422792742
echoStateNetwork,IOPS_275,1711,0.7982735959873126
echoStateNetwork,IOPS_275,1712,0.02382077955236117
echoStateNetwork,IOPS_275,1713,0.07546009501302986
echoStateNetwork,IOPS_275,1714,0.41814442646469785
echoStateNetwork,IOPS_275,1715,0.5337311640371231
echoStateNetwork,IOPS_275,1716,0.06282323089684771
echoStateNetwork,IOPS_275,1717,0.21767013728244722
echoStateNetwork,IOPS_275,1718,0.11384292308781851
echoStateNetwork,IOPS_275,1719,0.2505942206860723
echoStateNetwork,IOPS_275,1720,0.30100614272976844
echoStateNetwork,IOPS_275,1721,0.7572990931895035
echoStateNetwork,IOPS_275,1722,0.13194056152523503
echoStateNetwork,IOPS_275,1723,0.26776761239275026
echoStateNetwork,IOPS_275,1724,0.8027957628926558
echoStateNetwork,IOPS_275,1725,0.7630627016685615
echoStateNetwork,IOPS_275,1726,0.2899776689839386
echoStateNetwork,IOPS_275,1727,0.1883977346001411
echoStateNetwork,IOPS_275,1728,0.16563788678535418
echoStateNetwork,IOPS_275,1729,0.014866760108689703
echoStateNetwork,IOPS_275,1730,0.04678404649494816
echoStateNetwork,IOPS_275,1731,0.06725652306012131
echoStateNetwork,IOPS_275,1732,0.9004178983740578
echoStateNetwork,IOPS_275,1733,0.8293327553559182
echoStateNetwork,IOPS_275,1734,0.032757059623239826
echoStateNetwork,IOPS_275,1735,0.09851011671230625
echoStateNetwork,IOPS_275,1736,0.2064190572576633
echoStateNetwork,IOPS_275,1737,0.021884879359696185
echoStateNetwork,IOPS_275,1738,0.6847797916460183
echoStateNetwork,IOPS_275,1739,0.916525197588716
echoStateNetwork,IOPS_275,1740,0.10102313092037996
echoStateNetwork,IOPS_275,1741,0.387473140288604
echoStateNetwork,IOPS_275,1742,0.7346797336680955
echoStateNetwork,IOPS_275,1743,0.8559546044797192
echoStateNetwork,IOPS_275,1744,0.001917465475694602
echoStateNetwork,IOPS_275,1745,0.005831908120201179
echoStateNetwork,IOPS_275,1746,0.6694933114851804
echoStateNetwork,IOPS_275,1747,0.6896357308743022
echoStateNetwork,IOPS_275,1748,0.006447796467722977
echoStateNetwork,IOPS_275,1749,0.4151676210517705
echoStateNetwork,IOPS_275,1750,0.003777652536988696
echoStateNetwork,IOPS_275,1751,0.29149189413595533
echoStateNetwork,IOPS_275,1752,0.11820870353572677
echoStateNetwork,IOPS_275,1753,0.31890802959599474
echoStateNetwork,IOPS_275,1754,0.916874156155103
echoStateNetwork,IOPS_275,1755,0.4115207546542542
echoStateNetwork,IOPS_275,1756,0.7627260937263864
echoStateNetwork,IOPS_275,1757,0.22435174351837073
echoStateNetwork,IOPS_275,1758,0.26028978710789596
echoStateNetwork,IOPS_275,1759,0.051506433560710496
echoStateNetwork,IOPS_275,1760,0.03156337726128644
echoStateNetwork,IOPS_275,1761,0.29295671780400356
echoStateNetwork,IOPS_275,1762,0.028681377387923312
echoStateNetwork,IOPS_275,1763,0.5293922914401148
echoStateNetwork,IOPS_275,1764,0.23499711867357476
echoStateNetwork,IOPS_275,1765,0.12892964480525793
echoStateNetwork,IOPS_275,1766,0.09305091563294465
echoStateNetwork,IOPS_275,1767,0.017182558564312722
echoStateNetwork,IOPS_275,1768,0.08109544576753636
echoStateNetwork,IOPS_275,1769,0.8318896480034853
echoStateNetwork,IOPS_275,1770,0.052165732555889965
echoStateNetwork,IOPS_275,1771,0.6976598344693856
echoStateNetwork,IOPS_275,1772,0.01552484438262458
echoStateNetwork,IOPS_275,1773,0.037672864546437146
echoStateNetwork,IOPS_275,1774,0.0034401456369146377
echoStateNetwork,IOPS_275,1775,0.4830694680805121
echoStateNetwork,IOPS_275,1776,0.23679424362593537
echoStateNetwork,IOPS_275,1777,0.34034817946928064
echoStateNetwork,IOPS_275,1778,0.6706179675449253
echoStateNetwork,IOPS_275,1779,0.0757820941340207
echoStateNetwork,IOPS_275,1780,0.5519561226864804
echoStateNetwork,IOPS_275,1781,0.12192575718112542
echoStateNetwork,IOPS_275,1782,0.19746057190651578
echoStateNetwork,IOPS_275,1783,0.23065471865369203
echoStateNetwork,IOPS_275,1784,0.17216591522940217
echoStateNetwork,IOPS_275,1785,0.6038970257413062
echoStateNetwork,IOPS_275,1786,1.7755690481568998e-05
echoStateNetwork,IOPS_275,1787,0.015279159077678406
echoStateNetwork,IOPS_275,1788,0.008720033764166746
echoStateNetwork,IOPS_275,1789,0.06593656598272368
echoStateNetwork,IOPS_275,1790,0.45822221063002266
echoStateNetwork,IOPS_275,1791,0.5942435929713514
echoStateNetwork,IOPS_275,1792,0.021134166195733273
echoStateNetwork,IOPS_275,1793,0.2266809370581756
echoStateNetwork,IOPS_275,1794,0.001714386158143233
echoStateNetwork,IOPS_275,1795,0.028557223120385333
echoStateNetwork,IOPS_275,1796,0.39023329915114
echoStateNetwork,IOPS_275,1797,0.20605751641905246
echoStateNetwork,IOPS_275,1798,0.03025840060713736
echoStateNetwork,IOPS_275,1799,0.020837818817546983
echoStateNetwork,IOPS_275,1800,0.23114473509077227
echoStateNetwork,IOPS_275,1801,0.32683529010464374
echoStateNetwork,IOPS_275,1802,0.037997632583773644
echoStateNetwork,IOPS_275,1803,0.2506667625021882
echoStateNetwork,IOPS_275,1804,0.4154230706782718
echoStateNetwork,IOPS_275,1805,0.1566998635988749
echoStateNetwork,IOPS_275,1806,0.09164039933944723
echoStateNetwork,IOPS_275,1807,0.32311039642309136
echoStateNetwork,IOPS_275,1808,0.0011126457006428447
echoStateNetwork,IOPS_275,1809,0.36461194672471475
echoStateNetwork,IOPS_275,1810,0.05656893336417357
echoStateNetwork,IOPS_275,1811,0.002260047322135139
echoStateNetwork,IOPS_275,1812,0.020108846644791067
echoStateNetwork,IOPS_275,1813,0.10240191348180616
echoStateNetwork,IOPS_275,1814,0.1621698442933075
echoStateNetwork,IOPS_275,1815,0.5960902451899106
echoStateNetwork,IOPS_275,1816,0.06588991020645374
echoStateNetwork,IOPS_275,1817,0.1259706324345654
echoStateNetwork,IOPS_275,1818,0.005659459902605746
echoStateNetwork,IOPS_275,1819,0.3080879767262352
echoStateNetwork,IOPS_275,1820,0.33221230586184836
echoStateNetwork,IOPS_275,1821,0.005209548777431516
echoStateNetwork,IOPS_275,1822,0.7628410803508692
echoStateNetwork,IOPS_275,1823,0.8322617179432626
echoStateNetwork,IOPS_275,1824,0.10401174389894396
echoStateNetwork,IOPS_275,1825,0.18758596899400248
echoStateNetwork,IOPS_275,1826,0.020012972348861346
echoStateNetwork,IOPS_275,1827,0.19882070910725524
echoStateNetwork,IOPS_275,1828,0.2827522555911004
echoStateNetwork,IOPS_275,1829,0.6547845398776033
echoStateNetwork,IOPS_275,1830,0.5697155947340007
echoStateNetwork,IOPS_275,1831,0.5992374187077419
echoStateNetwork,IOPS_275,1832,0.7184289286188152
echoStateNetwork,IOPS_275,1833,0.217270436166921
echoStateNetwork,IOPS_275,1834,0.1501677210175152
echoStateNetwork,IOPS_275,1835,0.003390160616792759
echoStateNetwork,IOPS_275,1836,0.10626036331782951
echoStateNetwork,IOPS_275,1837,0.09920066891995549
echoStateNetwork,IOPS_275,1838,0.017255817440157584
echoStateNetwork,IOPS_275,1839,0.5075844637793446
echoStateNetwork,IOPS_275,1840,0.045268338105090344
echoStateNetwork,IOPS_275,1841,0.3961242984840464
echoStateNetwork,IOPS_275,1842,0.0017200437657199918
echoStateNetwork,IOPS_275,1843,0.3637000857346927
echoStateNetwork,IOPS_275,1844,0.07336213365586208
echoStateNetwork,IOPS_275,1845,0.3325859238690445
echoStateNetwork,IOPS_275,1846,0.04433913386891075
echoStateNetwork,IOPS_275,1847,0.22782224309328025
echoStateNetwork,IOPS_275,1848,0.05666830025638003
echoStateNetwork,IOPS_275,1849,0.2295873227825479
echoStateNetwork,IOPS_275,1850,0.16417277638442196
echoStateNetwork,IOPS_275,1851,0.9633926914795984
echoStateNetwork,IOPS_275,1852,0.4280463893835601
echoStateNetwork,IOPS_275,1853,0.846946113714894
echoStateNetwork,IOPS_275,1854,0.0028542251039983535
echoStateNetwork,IOPS_275,1855,0.295222480016055
echoStateNetwork,IOPS_275,1856,0.06418745768488876
echoStateNetwork,IOPS_275,1857,0.007201846188260808
echoStateNetwork,IOPS_275,1858,0.07978056783311471
echoStateNetwork,IOPS_275,1859,0.09203018367279237
echoStateNetwork,IOPS_275,1860,0.2443305310142333
echoStateNetwork,IOPS_275,1861,0.15848248098539508
echoStateNetwork,IOPS_275,1862,0.23501384964959948
echoStateNetwork,IOPS_275,1863,0.06627667911450308
echoStateNetwork,IOPS_275,1864,0.020840916987154956
echoStateNetwork,IOPS_275,1865,0.1265512011883828
echoStateNetwork,IOPS_275,1866,0.007924406247040383
echoStateNetwork,IOPS_275,1867,0.5326420185462948
echoStateNetwork,IOPS_275,1868,0.6177718027410526
echoStateNetwork,IOPS_275,1869,0.9413221138808741
echoStateNetwork,IOPS_275,1870,0.17340238451585432
echoStateNetwork,IOPS_275,1871,0.2892401446310521
echoStateNetwork,IOPS_275,1872,0.14129443026454724
echoStateNetwork,IOPS_275,1873,0.8873040953310928
echoStateNetwork,IOPS_275,1874,0.023393081746640898
echoStateNetwork,IOPS_275,1875,0.11709415713785287
echoStateNetwork,IOPS_275,1876,0.04518797025177457
echoStateNetwork,IOPS_275,1877,0.3022455460003133
echoStateNetwork,IOPS_275,1878,0.7554235204659654
echoStateNetwork,IOPS_275,1879,0.43558027477584704
echoStateNetwork,IOPS_275,1880,0.6395101846250104
echoStateNetwork,IOPS_275,1881,0.7048310402466389
echoStateNetwork,IOPS_275,1882,0.18416637908156375
echoStateNetwork,IOPS_275,1883,0.17730659604013244
echoStateNetwork,IOPS_275,1884,0.030118944996556873
echoStateNetwork,IOPS_275,1885,0.02116131853942982
echoStateNetwork,IOPS_275,1886,0.0015504288102708985
echoStateNetwork,IOPS_275,1887,0.32267779894708715
echoStateNetwork,IOPS_275,1888,0.41691540691525497
echoStateNetwork,IOPS_275,1889,0.08450820980291773
echoStateNetwork,IOPS_275,1890,0.5702889206594716
echoStateNetwork,IOPS_275,1891,0.31895339346511076
echoStateNetwork,IOPS_275,1892,0.05000201308254626
echoStateNetwork,IOPS_275,1893,0.2569333977326007
echoStateNetwork,IOPS_275,1894,0.1834267187492845
echoStateNetwork,IOPS_275,1895,0.8424583046143173
echoStateNetwork,IOPS_275,1896,0.00129959258171497
echoStateNetwork,IOPS_275,1897,0.5655455294209337
echoStateNetwork,IOPS_275,1898,0.04465838812254319
echoStateNetwork,IOPS_275,1899,0.764071733714655
echoStateNetwork,IOPS_275,1900,0.6806098055617813
echoStateNetwork,IOPS_275,1901,0.09896480124768536
echoStateNetwork,IOPS_275,1902,0.07268291076718214
echoStateNetwork,IOPS_275,1903,0.21960926916292134
echoStateNetwork,IOPS_275,1904,0.5085485252812796
echoStateNetwork,IOPS_275,1905,0.21990722271949437
echoStateNetwork,IOPS_275,1906,0.5696700393658494
echoStateNetwork,IOPS_275,1907,0.005477956173214005
echoStateNetwork,IOPS_275,1908,0.4729159611460503
echoStateNetwork,IOPS_275,1909,0.0035211179691160277
echoStateNetwork,IOPS_275,1910,0.4241935418810061
echoStateNetwork,IOPS_275,1911,0.12832037086510295
echoStateNetwork,IOPS_275,1912,0.3559826769376887
echoStateNetwork,IOPS_275,1913,0.600239203540736
echoStateNetwork,IOPS_275,1914,0.2753567241747116
echoStateNetwork,IOPS_275,1915,0.0046850118539477625
echoStateNetwork,IOPS_275,1916,0.011678083690584762
echoStateNetwork,IOPS_275,1917,0.12537148528412745
echoStateNetwork,IOPS_275,1918,0.6446441732631001
echoStateNetwork,IOPS_275,1919,0.5925682190817838
echoStateNetwork,IOPS_275,1920,0.05593765408061935
echoStateNetwork,IOPS_275,1921,0.028774422233302732
echoStateNetwork,IOPS_275,1922,0.912885827254698
echoStateNetwork,IOPS_275,1923,0.4460215586422983
echoStateNetwork,IOPS_275,1924,0.05318503740637859
echoStateNetwork,IOPS_275,1925,0.06820888531014857
echoStateNetwork,IOPS_275,1926,0.14130286024496552
echoStateNetwork,IOPS_275,1927,0.09262541626602772
echoStateNetwork,IOPS_275,1928,0.015822948560174854
echoStateNetwork,IOPS_275,1929,0.6388431808292299
echoStateNetwork,IOPS_275,1930,0.30747950033967364
echoStateNetwork,IOPS_275,1931,0.3121611469903147
echoStateNetwork,IOPS_275,1932,0.42426977774689567
echoStateNetwork,IOPS_275,1933,0.6980720849225165
echoStateNetwork,IOPS_275,1934,0.5986053932714777
echoStateNetwork,IOPS_275,1935,0.6887612998592828
echoStateNetwork,IOPS_275,1936,0.23213207537088465
echoStateNetwork,IOPS_275,1937,0.761839898307008
echoStateNetwork,IOPS_275,1938,0.014245041693130456
echoStateNetwork,IOPS_275,1939,0.5753773849406267
echoStateNetwork,IOPS_275,1940,0.8649135841180982
echoStateNetwork,IOPS_275,1941,0.153748422345254
echoStateNetwork,IOPS_275,1942,0.3578965458530696
echoStateNetwork,IOPS_275,1943,0.014380902296761366
echoStateNetwork,IOPS_275,1944,0.8455216204368803
echoStateNetwork,IOPS_275,1945,0.05890765583251689
echoStateNetwork,IOPS_275,1946,0.8605470486692648
echoStateNetwork,IOPS_275,1947,0.0009033559481196329
echoStateNetwork,IOPS_275,1948,0.47040802533932213
echoStateNetwork,IOPS_275,1949,0.08125147268635824
echoStateNetwork,IOPS_275,1950,0.34513386076896835
echoStateNetwork,IOPS_275,1951,0.21187198386535833
echoStateNetwork,IOPS_275,1952,0.184045027471467
echoStateNetwork,IOPS_275,1953,0.014821794829549706
echoStateNetwork,IOPS_275,1954,0.5843080409889896
echoStateNetwork,IOPS_275,1955,0.31549760935608706
echoStateNetwork,IOPS_275,1956,0.4328124201776744
echoStateNetwork,IOPS_275,1957,0.7261770254959443
echoStateNetwork,IOPS_275,1958,0.19115362673117264
echoStateNetwork,IOPS_275,1959,0.5641717811477507
echoStateNetwork,IOPS_275,1960,0.20581626910349704
echoStateNetwork,IOPS_275,1961,0.936978408596438
echoStateNetwork,IOPS_275,1962,0.10623169606958771
echoStateNetwork,IOPS_275,1963,0.48535200461010475
echoStateNetwork,IOPS_275,1964,0.24633427388518736
echoStateNetwork,IOPS_275,1965,0.006462013401082101
echoStateNetwork,IOPS_275,1966,0.023192515322139617
echoStateNetwork,IOPS_275,1967,0.022808926217345427
echoStateNetwork,IOPS_275,1968,0.6621753831439756
echoStateNetwork,IOPS_275,1969,0.7166611661965082
echoStateNetwork,IOPS_275,1970,0.4700664701272653
echoStateNetwork,IOPS_275,1971,0.46486416418020726
echoStateNetwork,IOPS_275,1972,0.44589881021307176
echoStateNetwork,IOPS_275,1973,0.04587833296641375
echoStateNetwork,IOPS_275,1974,0.2792350154449895
echoStateNetwork,IOPS_275,1975,0.003164545580687461
echoStateNetwork,IOPS_275,1976,0.8854975091504765
echoStateNetwork,IOPS_275,1977,0.22036450049097367
echoStateNetwork,IOPS_275,1978,0.5659341537125624
echoStateNetwork,IOPS_275,1979,0.09298050422822235
echoStateNetwork,IOPS_275,1980,0.9896290559036418
echoStateNetwork,IOPS_275,1981,0.015070389553110797
echoStateNetwork,IOPS_275,1982,0.06475341729631912
echoStateNetwork,IOPS_275,1983,0.820723088890181
echoStateNetwork,IOPS_275,1984,0.8672684478929282
echoStateNetwork,IOPS_275,1985,0.3018922228139217
echoStateNetwork,IOPS_275,1986,0.17324018442839995
echoStateNetwork,IOPS_275,1987,0.3515412012559267
echoStateNetwork,IOPS_275,1988,0.09240748683191569
echoStateNetwork,IOPS_275,1989,0.8992662960779807
echoStateNetwork,IOPS_275,1990,0.18692556824105833
echoStateNetwork,IOPS_275,1991,0.9866518465097712
echoStateNetwork,IOPS_275,1992,0.30493052818518385
echoStateNetwork,IOPS_275,1993,0.6688275842211109
echoStateNetwork,IOPS_275,1994,0.05158942941775024
echoStateNetwork,IOPS_275,1995,0.4705089163793944
echoStateNetwork,IOPS_275,1996,0.3170397224384066
echoStateNetwork,IOPS_275,1997,0.7007096720604612
echoStateNetwork,IOPS_275,1998,0.34245941508112554
echoStateNetwork,IOPS_275,1999,0.769163225632247
echoStateNetwork,IOPS_275,2000,0.8400093274082268
echoStateNetwork,IOPS_275,2001,0.9043333884884406
echoStateNetwork,IOPS_275,2002,0.9965690167714891
echoStateNetwork,IOPS_275,2003,0.24960257230653937
echoStateNetwork,IOPS_275,2004,0.5187944858958345
echoStateNetwork,IOPS_275,2005,0.4993414668173253
echoStateNetwork,IOPS_275,2006,0.0678594406670584
echoStateNetwork,IOPS_275,2007,0.013298969240134073
echoStateNetwork,IOPS_275,2008,0.09720568691821807
echoStateNetwork,IOPS_275,2009,0.15298028799878216
echoStateNetwork,IOPS_275,2010,0.062357516878497
echoStateNetwork,IOPS_275,2011,0.7943584594260698
echoStateNetwork,IOPS_275,2012,0.7253831169858093
echoStateNetwork,IOPS_275,2013,0.9647194376892911
echoStateNetwork,IOPS_275,2014,0.8513035573158331
echoStateNetwork,IOPS_275,2015,0.49462095540113515
echoStateNetwork,IOPS_275,2016,0.695349910859044
echoStateNetwork,IOPS_275,2017,0.8672424853180802
echoStateNetwork,IOPS_275,2018,0.0117369945008573
echoStateNetwork,IOPS_275,2019,0.5993569146182762
echoStateNetwork,IOPS_275,2020,0.0031360702695415466
echoStateNetwork,IOPS_275,2021,0.0459280751444735
echoStateNetwork,IOPS_275,2022,0.1630615194118833
echoStateNetwork,IOPS_275,2023,0.6915479627520122
echoStateNetwork,IOPS_275,2024,0.8870287036851363
echoStateNetwork,IOPS_275,2025,0.7480814125670536
echoStateNetwork,IOPS_275,2026,0.7837830723984802
echoStateNetwork,IOPS_275,2027,0.0731360681631843
echoStateNetwork,IOPS_275,2028,0.08731218078021596
echoStateNetwork,IOPS_275,2029,0.08579249580127657
echoStateNetwork,IOPS_275,2030,0.08749805170461533
echoStateNetwork,IOPS_275,2031,0.01925174101567073
echoStateNetwork,IOPS_275,2032,0.024303788497467282
echoStateNetwork,IOPS_275,2033,0.0887496755404018
echoStateNetwork,IOPS_275,2034,0.7264676596736628
echoStateNetwork,IOPS_275,2035,0.2689737124439511
echoStateNetwork,IOPS_275,2036,0.8952003560537508
echoStateNetwork,IOPS_275,2037,0.2536341440790887
echoStateNetwork,IOPS_275,2038,0.17715056481549818
echoStateNetwork,IOPS_275,2039,0.0174883816750373
echoStateNetwork,IOPS_275,2040,0.9338073962743785
echoStateNetwork,IOPS_275,2041,0.15837213519437787
echoStateNetwork,IOPS_275,2042,0.32667214143729084
echoStateNetwork,IOPS_275,2043,0.0003361615726868994
echoStateNetwork,IOPS_275,2044,0.48898883147461103
echoStateNetwork,IOPS_275,2045,0.5530450329540066
echoStateNetwork,IOPS_275,2046,0.5999388516620352
echoStateNetwork,IOPS_275,2047,0.3935672889438697
echoStateNetwork,IOPS_275,2048,0.11058753019330192
echoStateNetwork,IOPS_275,2049,0.4981669189831631
echoStateNetwork,IOPS_275,2050,0.5359530516507731
echoStateNetwork,IOPS_275,2051,0.9285075498704682
echoStateNetwork,IOPS_275,2052,0.16145076635757116
echoStateNetwork,IOPS_275,2053,0.02962452018393602
echoStateNetwork,IOPS_275,2054,0.0855148089458303
echoStateNetwork,IOPS_275,2055,0.5851663103150503
echoStateNetwork,IOPS_275,2056,0.01353655946170107
echoStateNetwork,IOPS_275,2057,0.22486172280350747
echoStateNetwork,IOPS_275,2058,0.04629143918456158
echoStateNetwork,IOPS_275,2059,0.9524305195034564
echoStateNetwork,IOPS_275,2060,0.6200170531793557
echoStateNetwork,IOPS_275,2061,0.5643783055159953
echoStateNetwork,IOPS_275,2062,0.273639264068431
echoStateNetwork,IOPS_275,2063,0.031207713735863063
echoStateNetwork,IOPS_275,2064,0.5310667782735933
echoStateNetwork,IOPS_275,2065,0.10596524178024591
echoStateNetwork,IOPS_275,2066,0.45331823322446785
echoStateNetwork,IOPS_275,2067,0.09893509980482706
echoStateNetwork,IOPS_275,2068,0.3557370948126145
echoStateNetwork,IOPS_275,2069,0.34757601412868055
echoStateNetwork,IOPS_275,2070,0.03187572542399886
echoStateNetwork,IOPS_275,2071,0.5141153487757977
echoStateNetwork,IOPS_275,2072,0.6058462079898574
echoStateNetwork,IOPS_275,2073,0.5521306016257992
echoStateNetwork,IOPS_275,2074,0.02739999961967543
echoStateNetwork,IOPS_275,2075,0.6971019938959919
echoStateNetwork,IOPS_275,2076,0.3321066334560717
echoStateNetwork,IOPS_275,2077,0.34331111985193186
echoStateNetwork,IOPS_275,2078,0.5675363988012148
echoStateNetwork,IOPS_275,2079,0.22438091815796868
echoStateNetwork,IOPS_275,2080,0.01440877532368423
echoStateNetwork,IOPS_275,2081,0.023774866793182303
echoStateNetwork,IOPS_275,2082,0.297309161275205
echoStateNetwork,IOPS_275,2083,0.21882446034989
echoStateNetwork,IOPS_275,2084,0.00477273077609397
echoStateNetwork,IOPS_275,2085,0.0012663336780842638
echoStateNetwork,IOPS_275,2086,0.13938655412123546
echoStateNetwork,IOPS_275,2087,0.3832387918499528
echoStateNetwork,IOPS_275,2088,0.0035317798759938457
echoStateNetwork,IOPS_275,2089,0.18556694766419812
echoStateNetwork,IOPS_275,2090,0.029833623395862596
echoStateNetwork,IOPS_275,2091,0.3129281400945606
echoStateNetwork,IOPS_275,2092,0.05407661922115936
echoStateNetwork,IOPS_275,2093,6.130511126867244e-05
echoStateNetwork,IOPS_275,2094,0.325977791927499
echoStateNetwork,IOPS_275,2095,0.14549440970801586
echoStateNetwork,IOPS_275,2096,0.4653414983849953
echoStateNetwork,IOPS_275,2097,0.6616629732414132
echoStateNetwork,IOPS_275,2098,0.3408863781751107
echoStateNetwork,IOPS_275,2099,0.3346030584776857
echoStateNetwork,IOPS_275,2100,0.42618700981354063
echoStateNetwork,IOPS_275,2101,0.2030923505498572
echoStateNetwork,IOPS_275,2102,0.9070458843246793
echoStateNetwork,IOPS_275,2103,0.43157381749601
echoStateNetwork,IOPS_275,2104,0.48438911588936173
echoStateNetwork,IOPS_275,2105,0.13727889216899647
echoStateNetwork,IOPS_275,2106,0.0063387145873951
echoStateNetwork,IOPS_275,2107,0.14065388435728687
echoStateNetwork,IOPS_275,2108,0.10914397507196516
echoStateNetwork,IOPS_275,2109,0.60780701925831
echoStateNetwork,IOPS_275,2110,0.6084433313208744
echoStateNetwork,IOPS_275,2111,0.6679356426404954
echoStateNetwork,IOPS_275,2112,0.10429116159934537
echoStateNetwork,IOPS_275,2113,0.09890300278136976
echoStateNetwork,IOPS_275,2114,0.5642132057670919
echoStateNetwork,IOPS_275,2115,0.2329773764461106
echoStateNetwork,IOPS_275,2116,0.8438503255179037
echoStateNetwork,IOPS_275,2117,0.07877741344165279
echoStateNetwork,IOPS_275,2118,0.3634206489515234
echoStateNetwork,IOPS_275,2119,0.03492350274466738
echoStateNetwork,IOPS_275,2120,0.03878921100007071
echoStateNetwork,IOPS_275,2121,0.5166284017950917
echoStateNetwork,IOPS_275,2122,0.24294591697560985
echoStateNetwork,IOPS_275,2123,0.3809395109458307
echoStateNetwork,IOPS_275,2124,0.20250047291558004
echoStateNetwork,IOPS_275,2125,0.2545802082490415
echoStateNetwork,IOPS_275,2126,0.0851743708144933
echoStateNetwork,IOPS_275,2127,0.3279037199266791
echoStateNetwork,IOPS_275,2128,0.0015057035795211782
echoStateNetwork,IOPS_275,2129,0.1202337130400033
echoStateNetwork,IOPS_275,2130,0.0017783502114645522
echoStateNetwork,IOPS_275,2131,0.5386252821513804
echoStateNetwork,IOPS_275,2132,0.17713108749059847
echoStateNetwork,IOPS_275,2133,0.10375575641577672
echoStateNetwork,IOPS_275,2134,0.2998248141000388
echoStateNetwork,IOPS_275,2135,0.4499286975949319
echoStateNetwork,IOPS_275,2136,0.6426025723166654
echoStateNetwork,IOPS_275,2137,0.05790216486182986
echoStateNetwork,IOPS_275,2138,0.5177084124570221
echoStateNetwork,IOPS_275,2139,0.020834769321789515
echoStateNetwork,IOPS_275,2140,0.011590383602645526
echoStateNetwork,IOPS_275,2141,0.1696420312396859
echoStateNetwork,IOPS_275,2142,0.6090662113030036
echoStateNetwork,IOPS_275,2143,0.035461084571884904
echoStateNetwork,IOPS_275,2144,0.2278256578169232
echoStateNetwork,IOPS_275,2145,0.12424710526833116
echoStateNetwork,IOPS_275,2146,0.17411860147871483
echoStateNetwork,IOPS_275,2147,0.17600892661696776
echoStateNetwork,IOPS_275,2148,0.16073554400802992
echoStateNetwork,IOPS_275,2149,0.09691625951864513
echoStateNetwork,IOPS_275,2150,0.7292604600017334
echoStateNetwork,IOPS_275,2151,0.6946018655896273
echoStateNetwork,IOPS_275,2152,0.26341657126028395
echoStateNetwork,IOPS_275,2153,0.31604755983961896
echoStateNetwork,IOPS_275,2154,0.15380805419201615
echoStateNetwork,IOPS_275,2155,0.13785090119038468
echoStateNetwork,IOPS_275,2156,0.03442837615493066
echoStateNetwork,IOPS_275,2157,0.1658557490959166
echoStateNetwork,IOPS_275,2158,0.7047559890483286
echoStateNetwork,IOPS_275,2159,0.012253327519455182
echoStateNetwork,IOPS_275,2160,0.010769511772825258
echoStateNetwork,IOPS_275,2161,0.20384241592201147
echoStateNetwork,IOPS_275,2162,0.12353769789475477
echoStateNetwork,IOPS_275,2163,0.4466821423515671
echoStateNetwork,IOPS_275,2164,0.02216197957317556
echoStateNetwork,IOPS_275,2165,0.43624720723643384
echoStateNetwork,IOPS_275,2166,0.12637197201827421
echoStateNetwork,IOPS_275,2167,0.7999749694056464
echoStateNetwork,IOPS_275,2168,0.012469833716516443
echoStateNetwork,IOPS_275,2169,0.45784283867028264
echoStateNetwork,IOPS_275,2170,0.375431939727507
echoStateNetwork,IOPS_275,2171,0.0011587619905260027
echoStateNetwork,IOPS_275,2172,0.3760183809441967
echoStateNetwork,IOPS_275,2173,0.691181041125954
echoStateNetwork,IOPS_275,2174,0.05122944330016854
echoStateNetwork,IOPS_275,2175,2.4711477174199636e-05
echoStateNetwork,IOPS_275,2176,0.11792902271062344
echoStateNetwork,IOPS_275,2177,0.6903470346584639
echoStateNetwork,IOPS_275,2178,0.48781793128101214
echoStateNetwork,IOPS_275,2179,0.32297812137621806
echoStateNetwork,IOPS_275,2180,0.017215308772939197
echoStateNetwork,IOPS_275,2181,0.11471232654760966
echoStateNetwork,IOPS_275,2182,0.6686094135928052
echoStateNetwork,IOPS_275,2183,0.7614586519440717
echoStateNetwork,IOPS_275,2184,0.07037026904755539
echoStateNetwork,IOPS_275,2185,0.15424883134317302
echoStateNetwork,IOPS_275,2186,0.38116288927503217
echoStateNetwork,IOPS_275,2187,0.005557450521952445
echoStateNetwork,IOPS_275,2188,0.7249810879661949
echoStateNetwork,IOPS_275,2189,0.83758141833131
echoStateNetwork,IOPS_275,2190,0.035823203055871944
echoStateNetwork,IOPS_275,2191,0.6554372745299701
echoStateNetwork,IOPS_275,2192,0.04812052552150814
echoStateNetwork,IOPS_275,2193,0.05298372024316467
echoStateNetwork,IOPS_275,2194,0.03710836661736672
echoStateNetwork,IOPS_275,2195,0.053648235512945286
echoStateNetwork,IOPS_275,2196,0.7137369828634407
echoStateNetwork,IOPS_275,2197,0.16750524513938336
echoStateNetwork,IOPS_275,2198,0.45437931233225637
echoStateNetwork,IOPS_275,2199,0.012956077024688928
echoStateNetwork,IOPS_275,2200,0.26059227065438373
echoStateNetwork,IOPS_275,2201,0.08302250965280789
echoStateNetwork,IOPS_275,2202,0.0160954752398762
echoStateNetwork,IOPS_275,2203,0.04638042573172119
echoStateNetwork,IOPS_275,2204,0.6492487028307782
echoStateNetwork,IOPS_275,2205,0.34469228948689745
echoStateNetwork,IOPS_275,2206,0.10436467945191008
echoStateNetwork,IOPS_275,2207,0.04107200922493781
echoStateNetwork,IOPS_275,2208,0.17760570030805323
echoStateNetwork,IOPS_275,2209,0.2825037073214832
echoStateNetwork,IOPS_275,2210,0.04614446990097232
echoStateNetwork,IOPS_275,2211,0.42239153952092146
echoStateNetwork,IOPS_275,2212,0.11907958750597059
echoStateNetwork,IOPS_275,2213,0.24594269378390532
echoStateNetwork,IOPS_275,2214,0.003113175604278373
echoStateNetwork,IOPS_275,2215,0.0003289938891708477
echoStateNetwork,IOPS_275,2216,0.2597311042132089
echoStateNetwork,IOPS_275,2217,0.37908177236570684
echoStateNetwork,IOPS_275,2218,0.8384430686620149
echoStateNetwork,IOPS_275,2219,0.48078698530471986
echoStateNetwork,IOPS_275,2220,0.09907334261226197
echoStateNetwork,IOPS_275,2221,0.08417144342111438
echoStateNetwork,IOPS_275,2222,0.5707953405756065
echoStateNetwork,IOPS_275,2223,0.04794165105904169
echoStateNetwork,IOPS_275,2224,0.762046165650397
echoStateNetwork,IOPS_275,2225,0.0025268577319884633
echoStateNetwork,IOPS_275,2226,0.2973583522201313
echoStateNetwork,IOPS_275,2227,0.1477284206687548
echoStateNetwork,IOPS_275,2228,0.05494688882809151
echoStateNetwork,IOPS_275,2229,0.020931782170275692
echoStateNetwork,IOPS_275,2230,0.08337774895763628
echoStateNetwork,IOPS_275,2231,0.4196028018786945
echoStateNetwork,IOPS_275,2232,0.4349003162671059
echoStateNetwork,IOPS_275,2233,0.25131881133780176
echoStateNetwork,IOPS_275,2234,0.005108421774815075
echoStateNetwork,IOPS_275,2235,0.07430753417658575
echoStateNetwork,IOPS_275,2236,0.0020784157950356486
echoStateNetwork,IOPS_275,2237,0.5565321927700003
echoStateNetwork,IOPS_275,2238,0.38369018809914546
echoStateNetwork,IOPS_275,2239,6.881908263922654e-05
echoStateNetwork,IOPS_275,2240,0.6796232195932128
echoStateNetwork,IOPS_275,2241,0.22866310142308688
echoStateNetwork,IOPS_275,2242,0.005001151960866368
echoStateNetwork,IOPS_275,2243,0.12453964768543191
echoStateNetwork,IOPS_275,2244,0.009969541913932622
echoStateNetwork,IOPS_275,2245,0.5267245555613271
echoStateNetwork,IOPS_275,2246,0.19303525117074627
echoStateNetwork,IOPS_275,2247,0.34081256516682334
echoStateNetwork,IOPS_275,2248,0.2120806728879544
echoStateNetwork,IOPS_275,2249,0.026443736026039888
echoStateNetwork,IOPS_275,2250,0.08371053704786446
echoStateNetwork,IOPS_275,2251,0.22218400974493635
echoStateNetwork,IOPS_275,2252,0.014773853537327075
echoStateNetwork,IOPS_275,2253,0.7530989138930873
echoStateNetwork,IOPS_275,2254,0.9897299864164489
echoStateNetwork,IOPS_275,2255,0.7374566568262322
echoStateNetwork,IOPS_275,2256,0.7402949675663761
echoStateNetwork,IOPS_275,2257,0.8956967973502468
echoStateNetwork,IOPS_275,2258,0.007741074002003301
echoStateNetwork,IOPS_275,2259,0.4464451121390246
echoStateNetwork,IOPS_275,2260,0.8269227387838448
echoStateNetwork,IOPS_275,2261,0.17076925978695578
echoStateNetwork,IOPS_275,2262,0.33517395460425037
echoStateNetwork,IOPS_275,2263,0.20439100236762564
echoStateNetwork,IOPS_275,2264,0.10945236743870657
echoStateNetwork,IOPS_275,2265,0.12675789597653175
echoStateNetwork,IOPS_275,2266,0.6767755545293841
echoStateNetwork,IOPS_275,2267,0.3530315337639873
echoStateNetwork,IOPS_275,2268,0.12978304968641663
echoStateNetwork,IOPS_275,2269,0.19138306463015797
echoStateNetwork,IOPS_275,2270,0.3433213769958696
echoStateNetwork,IOPS_275,2271,0.0026055351408961203
echoStateNetwork,IOPS_275,2272,0.5087510889656457
echoStateNetwork,IOPS_275,2273,0.11808192975597331
echoStateNetwork,IOPS_275,2274,0.7095408678758914
echoStateNetwork,IOPS_275,2275,0.4169605657666746
echoStateNetwork,IOPS_275,2276,0.9930419167609352
echoStateNetwork,IOPS_275,2277,0.7268246348711772
echoStateNetwork,IOPS_275,2278,0.5242575256923682
echoStateNetwork,IOPS_275,2279,0.5036600251963823
echoStateNetwork,IOPS_275,2280,0.380696212008132
echoStateNetwork,IOPS_275,2281,0.19150340919347164
echoStateNetwork,IOPS_275,2282,0.5538794767284168
echoStateNetwork,IOPS_275,2283,0.8187589824775265
echoStateNetwork,IOPS_275,2284,0.46594083249086604
echoStateNetwork,IOPS_275,2285,0.3195152572782265
echoStateNetwork,IOPS_275,2286,0.05970129855519124
echoStateNetwork,IOPS_275,2287,0.040638303306664625
echoStateNetwork,IOPS_275,2288,0.06757707375845612
echoStateNetwork,IOPS_275,2289,0.034960841146683075
echoStateNetwork,IOPS_275,2290,0.5315926002024196
echoStateNetwork,IOPS_275,2291,0.011263210751765507
echoStateNetwork,IOPS_275,2292,0.6876261619851081
echoStateNetwork,IOPS_275,2293,0.01729933218039903
echoStateNetwork,IOPS_275,2294,0.28231999971824295
echoStateNetwork,IOPS_275,2295,0.0224845073801343
echoStateNetwork,IOPS_275,2296,0.7024980386490979
echoStateNetwork,IOPS_275,2297,0.6950249466419396
echoStateNetwork,IOPS_275,2298,0.292247309188963
echoStateNetwork,IOPS_275,2299,0.07010566973432641
echoStateNetwork,IOPS_275,2300,0.20349053996195332
echoStateNetwork,IOPS_275,2301,0.4595185322187185
echoStateNetwork,IOPS_275,2302,0.3360459761253971
echoStateNetwork,IOPS_275,2303,0.7106499818311993
echoStateNetwork,IOPS_275,2304,0.21345626570219645
echoStateNetwork,IOPS_275,2305,0.6882590178485593
echoStateNetwork,IOPS_275,2306,0.4221042421102028
echoStateNetwork,IOPS_275,2307,0.30346713656036794
echoStateNetwork,IOPS_275,2308,0.039417023955622854
echoStateNetwork,IOPS_275,2309,0.05723357336778934
echoStateNetwork,IOPS_275,2310,0.43509390632479283
echoStateNetwork,IOPS_275,2311,0.02361512547710265
echoStateNetwork,IOPS_275,2312,0.718389051507895
echoStateNetwork,IOPS_275,2313,0.2406141494597731
echoStateNetwork,IOPS_275,2314,0.9485713892279605
echoStateNetwork,IOPS_275,2315,0.12806312739067138
echoStateNetwork,IOPS_275,2316,0.29498951780051286
echoStateNetwork,IOPS_275,2317,0.006101981107919041
echoStateNetwork,IOPS_275,2318,0.5594429853103855
echoStateNetwork,IOPS_275,2319,0.36433681604288515
echoStateNetwork,IOPS_275,2320,0.3277079857915124
echoStateNetwork,IOPS_275,2321,0.5856147459892718
echoStateNetwork,IOPS_275,2322,0.018978321527801767
echoStateNetwork,IOPS_275,2323,0.019717830030848482
echoStateNetwork,IOPS_275,2324,0.6773352463850717
echoStateNetwork,IOPS_275,2325,0.3266901394396263
echoStateNetwork,IOPS_275,2326,0.4266554499015156
echoStateNetwork,IOPS_275,2327,0.000429419474396564
echoStateNetwork,IOPS_275,2328,0.1699403631969243
echoStateNetwork,IOPS_275,2329,0.18910845474183835
echoStateNetwork,IOPS_275,2330,0.15638151026466895
echoStateNetwork,IOPS_275,2331,0.08544356457345481
echoStateNetwork,IOPS_275,2332,0.31625407413832873
echoStateNetwork,IOPS_275,2333,0.6247616153079807
echoStateNetwork,IOPS_275,2334,0.6048965125544103
echoStateNetwork,IOPS_275,2335,0.4601703670694508
echoStateNetwork,IOPS_275,2336,0.5141703223444709
echoStateNetwork,IOPS_275,2337,0.2297894634076506
echoStateNetwork,IOPS_275,2338,0.2702018479744974
echoStateNetwork,IOPS_275,2339,0.1916902551024432
echoStateNetwork,IOPS_275,2340,0.1959181258879148
echoStateNetwork,IOPS_275,2341,0.0184962383209617
echoStateNetwork,IOPS_275,2342,0.4027662851344097
echoStateNetwork,IOPS_275,2343,0.19376036268854457
echoStateNetwork,IOPS_275,2344,0.00357847650592813
echoStateNetwork,IOPS_275,2345,0.24469741978675408
echoStateNetwork,IOPS_275,2346,0.014688972778467257
echoStateNetwork,IOPS_275,2347,0.14429246697992504
echoStateNetwork,IOPS_275,2348,0.25625750981076445
echoStateNetwork,IOPS_275,2349,0.00393205112847228
echoStateNetwork,IOPS_275,2350,0.003434897470093734
echoStateNetwork,IOPS_275,2351,0.0018145454606212086
echoStateNetwork,IOPS_275,2352,0.05861460016377884
echoStateNetwork,IOPS_275,2353,0.2979511034434913
echoStateNetwork,IOPS_275,2354,0.12963525837139778
echoStateNetwork,IOPS_275,2355,0.20451415714202115
echoStateNetwork,IOPS_275,2356,0.2573230182821702
echoStateNetwork,IOPS_275,2357,0.16291314272940782
echoStateNetwork,IOPS_275,2358,0.12035372115806164
echoStateNetwork,IOPS_275,2359,0.01862612524959517
echoStateNetwork,IOPS_275,2360,0.28602973164492507
echoStateNetwork,IOPS_275,2361,0.058138215838120066
echoStateNetwork,IOPS_275,2362,0.4246488211734476
echoStateNetwork,IOPS_275,2363,0.3045396624236917
echoStateNetwork,IOPS_275,2364,0.2090457852071036
echoStateNetwork,IOPS_275,2365,0.017405776658019567
echoStateNetwork,IOPS_275,2366,0.0016036906177182564
echoStateNetwork,IOPS_275,2367,0.3457955627529061
echoStateNetwork,IOPS_275,2368,0.006303472799201404
echoStateNetwork,IOPS_275,2369,0.49029513591535545
echoStateNetwork,IOPS_275,2370,0.0070930941026392524
echoStateNetwork,IOPS_275,2371,0.08940214419468262
echoStateNetwork,IOPS_275,2372,0.09259074546189927
echoStateNetwork,IOPS_275,2373,0.023186420047666356
echoStateNetwork,IOPS_275,2374,1.9703523247427412e-06
echoStateNetwork,IOPS_275,2375,0.04538762876981639
echoStateNetwork,IOPS_275,2376,0.29975144438673407
echoStateNetwork,IOPS_275,2377,0.00012050239381800054
echoStateNetwork,IOPS_275,2378,0.04729757787942157
echoStateNetwork,IOPS_275,2379,0.06328682202215241
echoStateNetwork,IOPS_275,2380,0.00021253332887649634
echoStateNetwork,IOPS_275,2381,0.8156653177812497
echoStateNetwork,IOPS_275,2382,0.5241071535039177
echoStateNetwork,IOPS_275,2383,0.016033250716413483
echoStateNetwork,IOPS_275,2384,0.09615502960385447
echoStateNetwork,IOPS_275,2385,0.6931301152938243
echoStateNetwork,IOPS_275,2386,0.2462458270671607
echoStateNetwork,IOPS_275,2387,0.6111945165115736
echoStateNetwork,IOPS_275,2388,0.12984115953886866
echoStateNetwork,IOPS_275,2389,0.3215942791727129
echoStateNetwork,IOPS_275,2390,0.1376160368953524
echoStateNetwork,IOPS_275,2391,0.6454892845433102
echoStateNetwork,IOPS_275,2392,0.00469752131373713
echoStateNetwork,IOPS_275,2393,0.40130837620884696
echoStateNetwork,IOPS_275,2394,0.0009771821754697152
echoStateNetwork,IOPS_275,2395,0.08904032173472798
echoStateNetwork,IOPS_275,2396,0.01476101340666236
echoStateNetwork,IOPS_275,2397,0.03024873159109498
echoStateNetwork,IOPS_275,2398,0.3451910444925247
echoStateNetwork,IOPS_275,2399,0.0023433150263953983
echoStateNetwork,IOPS_275,2400,0.1120919954863655
echoStateNetwork,IOPS_275,2401,0.5073743667300041
echoStateNetwork,IOPS_275,2402,0.23711341402740937
echoStateNetwork,IOPS_275,2403,0.35884093480016743
echoStateNetwork,IOPS_275,2404,0.22722070862667243
echoStateNetwork,IOPS_275,2405,0.737182790181409
echoStateNetwork,IOPS_275,2406,0.01379260640630009
echoStateNetwork,IOPS_275,2407,0.040224394565151034
echoStateNetwork,IOPS_275,2408,0.20981201832572427
echoStateNetwork,IOPS_275,2409,0.0003892783799892552
echoStateNetwork,IOPS_275,2410,0.5463288831042983
echoStateNetwork,IOPS_275,2411,0.021425817458034735
echoStateNetwork,IOPS_275,2412,0.33184859343942397
echoStateNetwork,IOPS_275,2413,0.6233682275620728
echoStateNetwork,IOPS_275,2414,0.03126452627656906
echoStateNetwork,IOPS_275,2415,0.0004292002830589281
echoStateNetwork,IOPS_275,2416,0.15219341182099666
echoStateNetwork,IOPS_275,2417,0.0007525670254582284
echoStateNetwork,IOPS_275,2418,0.06703026197180517
echoStateNetwork,IOPS_275,2419,0.04969381821223251
echoStateNetwork,IOPS_275,2420,0.14963164529576023
echoStateNetwork,IOPS_275,2421,0.06994492070470137
echoStateNetwork,IOPS_275,2422,0.0015091129282867044
echoStateNetwork,IOPS_275,2423,0.2923011508731115
echoStateNetwork,IOPS_275,2424,0.025924858716699584
echoStateNetwork,IOPS_275,2425,0.08906670666046468
echoStateNetwork,IOPS_275,2426,0.07684398357409339
echoStateNetwork,IOPS_275,2427,0.8422467453888967
echoStateNetwork,IOPS_275,2428,0.5742089281532359
echoStateNetwork,IOPS_275,2429,0.1849091082918115
echoStateNetwork,IOPS_275,2430,0.4664277786780744
echoStateNetwork,IOPS_275,2431,0.3216022720358843
echoStateNetwork,IOPS_275,2432,0.07482322778246098
echoStateNetwork,IOPS_275,2433,0.07633296451381555
echoStateNetwork,IOPS_275,2434,0.5818085025945364
echoStateNetwork,IOPS_275,2435,0.41771784149475977
echoStateNetwork,IOPS_275,2436,0.7961514518377366
echoStateNetwork,IOPS_275,2437,0.004377405786212485
echoStateNetwork,IOPS_275,2438,0.45912214377877436
echoStateNetwork,IOPS_275,2439,0.0033341662301265007
echoStateNetwork,IOPS_275,2440,0.24341466652338128
echoStateNetwork,IOPS_275,2441,0.007754296379440029
echoStateNetwork,IOPS_275,2442,0.008567670041426778
echoStateNetwork,IOPS_275,2443,0.06264154845317793
echoStateNetwork,IOPS_275,2444,0.6588856471274159
echoStateNetwork,IOPS_275,2445,0.10169440324020718
echoStateNetwork,IOPS_275,2446,0.7961514232495559
echoStateNetwork,IOPS_275,2447,0.5856027805266973
echoStateNetwork,IOPS_275,2448,0.16444859691802882
echoStateNetwork,IOPS_275,2449,0.5485302161688963
echoStateNetwork,IOPS_275,2450,0.7311321364302843
echoStateNetwork,IOPS_275,2451,0.7923666703800316
echoStateNetwork,IOPS_275,2452,0.9572042764152366
echoStateNetwork,IOPS_275,2453,0.2480281349873048
echoStateNetwork,IOPS_275,2454,0.7838642331003689
echoStateNetwork,IOPS_275,2455,0.541033861160952
echoStateNetwork,IOPS_275,2456,0.49239618745254576
echoStateNetwork,IOPS_275,2457,0.3411308382221804
echoStateNetwork,IOPS_275,2458,0.9236692859723652
echoStateNetwork,IOPS_275,2459,0.0616915834976457
echoStateNetwork,IOPS_275,2460,0.5512437581809606
echoStateNetwork,IOPS_275,2461,0.5168608040947663
echoStateNetwork,IOPS_275,2462,0.0203321165692385
echoStateNetwork,IOPS_275,2463,0.7551638822831186
echoStateNetwork,IOPS_275,2464,0.041467251425571616
echoStateNetwork,IOPS_275,2465,0.9358191475749679
echoStateNetwork,IOPS_275,2466,0.14954062684971925
echoStateNetwork,IOPS_275,2467,0.06117966549761045
echoStateNetwork,IOPS_275,2468,0.5944448295459337
echoStateNetwork,IOPS_275,2469,0.6566910944762949
echoStateNetwork,IOPS_275,2470,0.35538038596555377
echoStateNetwork,IOPS_275,2471,0.48242737255245305
echoStateNetwork,IOPS_275,2472,0.18531105295043293
echoStateNetwork,IOPS_275,2473,0.07945183428443692
echoStateNetwork,IOPS_275,2474,0.7825885806309769
echoStateNetwork,IOPS_275,2475,1.1599785308957777e-05
echoStateNetwork,IOPS_275,2476,0.19105904200463553
echoStateNetwork,IOPS_275,2477,0.833411131476633
echoStateNetwork,IOPS_275,2478,0.02371538969533815
echoStateNetwork,IOPS_275,2479,0.9347388854458203
echoStateNetwork,IOPS_275,2480,0.6061250830087097
echoStateNetwork,IOPS_275,2481,0.15609434626368213
echoStateNetwork,IOPS_275,2482,0.0006558708966794002
echoStateNetwork,IOPS_275,2483,0.07513196795758181
echoStateNetwork,IOPS_275,2484,0.44405511008769516
echoStateNetwork,IOPS_275,2485,0.4049919585703472
echoStateNetwork,IOPS_275,2486,0.4663471422096588
echoStateNetwork,IOPS_275,2487,0.4218205762630738
echoStateNetwork,IOPS_275,2488,0.08685300921809624
echoStateNetwork,IOPS_275,2489,0.038906549598281215
echoStateNetwork,IOPS_275,2490,0.51336221620764
echoStateNetwork,IOPS_275,2491,0.18561754409678355
echoStateNetwork,IOPS_275,2492,0.07230893689277285
echoStateNetwork,IOPS_275,2493,0.7456191441198956
echoStateNetwork,IOPS_275,2494,0.12194126796639593
echoStateNetwork,IOPS_275,2495,0.06242778885943112
echoStateNetwork,IOPS_275,2496,0.006349484729198385
echoStateNetwork,IOPS_275,2497,0.01077606256307917
echoStateNetwork,IOPS_275,2498,0.10710205121128213
echoStateNetwork,IOPS_275,2499,0.42908914230368744
echoStateNetwork,IOPS_275,2500,0.1726374234144239
echoStateNetwork,IOPS_275,2501,0.9271623373657715
echoStateNetwork,IOPS_275,2502,0.37040916210816177
echoStateNetwork,IOPS_275,2503,0.0003883644640811923
echoStateNetwork,IOPS_275,2504,0.041986532507470975
echoStateNetwork,IOPS_275,2505,0.5033562614868685
echoStateNetwork,IOPS_275,2506,0.385896581230034
echoStateNetwork,IOPS_275,2507,0.056965682188842126
echoStateNetwork,IOPS_275,2508,0.14508689458963098
echoStateNetwork,IOPS_275,2509,0.44331754234295484
echoStateNetwork,IOPS_275,2510,0.12050427000302555
echoStateNetwork,IOPS_275,2511,0.509866501370355
echoStateNetwork,IOPS_275,2512,0.06452268919218496
echoStateNetwork,IOPS_275,2513,0.5627112309797571
echoStateNetwork,IOPS_275,2514,0.36482962326761625
echoStateNetwork,IOPS_275,2515,0.31538449796058476
echoStateNetwork,IOPS_275,2516,5.715065897859972e-05
echoStateNetwork,IOPS_275,2517,0.0699152329211693
echoStateNetwork,IOPS_275,2518,0.8315764728610731
echoStateNetwork,IOPS_275,2519,0.005519437850511566
echoStateNetwork,IOPS_275,2520,0.9295527285222471
echoStateNetwork,IOPS_275,2521,0.000759759666889126
echoStateNetwork,IOPS_275,2522,0.8284405785569018
echoStateNetwork,IOPS_275,2523,0.2510849220462851
echoStateNetwork,IOPS_275,2524,0.0343469086114927
echoStateNetwork,IOPS_275,2525,0.014849536267061314
echoStateNetwork,IOPS_275,2526,0.07905299589509063
echoStateNetwork,IOPS_275,2527,0.0036573713074770087
echoStateNetwork,IOPS_275,2528,0.007388658361691336
echoStateNetwork,IOPS_275,2529,0.01079300499076108
echoStateNetwork,IOPS_275,2530,0.7115728748446015
echoStateNetwork,IOPS_275,2531,0.7657118042582673
echoStateNetwork,IOPS_275,2532,0.025067676411721918
echoStateNetwork,IOPS_275,2533,0.15518964987810335
echoStateNetwork,IOPS_275,2534,0.3653391475720912
echoStateNetwork,IOPS_275,2535,0.6858407325386116
echoStateNetwork,IOPS_275,2536,7.323151578308984e-05
echoStateNetwork,IOPS_275,2537,0.0005696707892033359
echoStateNetwork,IOPS_275,2538,0.22437647621706658
echoStateNetwork,IOPS_275,2539,0.016678975876899038
echoStateNetwork,IOPS_275,2540,0.8315578844820048
echoStateNetwork,IOPS_275,2541,0.1047006713407157
echoStateNetwork,IOPS_275,2542,0.6845195402162353
echoStateNetwork,IOPS_275,2543,0.009008406966583893
echoStateNetwork,IOPS_275,2544,0.2326841966891502
echoStateNetwork,IOPS_275,2545,0.4197728362485862
echoStateNetwork,IOPS_275,2546,0.15704209166771865
echoStateNetwork,IOPS_275,2547,0.0022886969806806823
echoStateNetwork,IOPS_275,2548,0.07170899402973774
echoStateNetwork,IOPS_275,2549,0.1576156056010818
echoStateNetwork,IOPS_275,2550,0.15832887256881467
echoStateNetwork,IOPS_275,2551,0.012723756494425476
echoStateNetwork,IOPS_275,2552,0.2423791914378638
echoStateNetwork,IOPS_275,2553,0.23399165304553327
echoStateNetwork,IOPS_275,2554,0.31366597058526435
echoStateNetwork,IOPS_275,2555,0.5012518921089579
echoStateNetwork,IOPS_275,2556,0.1666382428241019
echoStateNetwork,IOPS_275,2557,0.0013733325715223899
echoStateNetwork,IOPS_275,2558,0.003757750808804916
echoStateNetwork,IOPS_275,2559,0.2934917929487202
echoStateNetwork,IOPS_275,2560,0.8645614782550329
echoStateNetwork,IOPS_275,2561,0.018502904774333806
echoStateNetwork,IOPS_275,2562,0.6327494693367232
echoStateNetwork,IOPS_275,2563,0.27908961775752217
echoStateNetwork,IOPS_275,2564,0.03159941072780026
echoStateNetwork,IOPS_275,2565,0.5192474379337376
echoStateNetwork,IOPS_275,2566,0.15434183310341765
echoStateNetwork,IOPS_275,2567,0.09246032995457931
echoStateNetwork,IOPS_275,2568,0.06733747586272654
echoStateNetwork,IOPS_275,2569,0.030715192314033968
echoStateNetwork,IOPS_275,2570,0.6358380295342617
echoStateNetwork,IOPS_275,2571,0.11306214852810881
echoStateNetwork,IOPS_275,2572,5.931848673146334e-06
echoStateNetwork,IOPS_275,2573,0.012573140126965754
echoStateNetwork,IOPS_275,2574,0.08334959617876903
echoStateNetwork,IOPS_275,2575,0.010534098463854114
echoStateNetwork,IOPS_275,2576,0.47570510618526185
echoStateNetwork,IOPS_275,2577,0.49269574395096793
echoStateNetwork,IOPS_275,2578,0.14756439282251388
echoStateNetwork,IOPS_275,2579,0.7319031959095939
echoStateNetwork,IOPS_275,2580,0.26983067563598195
echoStateNetwork,IOPS_275,2581,0.2863000456831968
echoStateNetwork,IOPS_275,2582,0.3351250204839241
echoStateNetwork,IOPS_275,2583,0.28315372026336383
echoStateNetwork,IOPS_275,2584,0.05981016092563629
echoStateNetwork,IOPS_275,2585,0.04480879631880064
echoStateNetwork,IOPS_275,2586,0.5824567349476424
echoStateNetwork,IOPS_275,2587,0.6335847435926414
echoStateNetwork,IOPS_275,2588,0.01542540420203109
echoStateNetwork,IOPS_275,2589,0.4804541400761415
echoStateNetwork,IOPS_275,2590,0.22762167873542782
echoStateNetwork,IOPS_275,2591,0.10245737192059057
echoStateNetwork,IOPS_275,2592,0.20304133792373047
echoStateNetwork,IOPS_275,2593,0.009850791522548086
echoStateNetwork,IOPS_275,2594,0.3085489929918753
echoStateNetwork,IOPS_275,2595,0.42079709826313527
echoStateNetwork,IOPS_275,2596,0.019950382116897813
echoStateNetwork,IOPS_275,2597,0.0057618566580451835
echoStateNetwork,IOPS_275,2598,0.42501429551920733
echoStateNetwork,IOPS_275,2599,0.6881713243865437
echoStateNetwork,IOPS_275,2600,0.060208768881282126
echoStateNetwork,IOPS_275,2601,0.11023690698461264
echoStateNetwork,IOPS_275,2602,0.00614666964282351
echoStateNetwork,IOPS_275,2603,0.05775821093427502
echoStateNetwork,IOPS_275,2604,0.00010317646554991455
echoStateNetwork,IOPS_275,2605,0.20244439282884885
echoStateNetwork,IOPS_275,2606,0.23517332044701933
echoStateNetwork,IOPS_275,2607,0.2594596041996219
echoStateNetwork,IOPS_275,2608,0.8147776822016085
echoStateNetwork,IOPS_275,2609,0.12230380404125152
echoStateNetwork,IOPS_275,2610,0.7217000289545165
echoStateNetwork,IOPS_275,2611,0.8910259516088681
echoStateNetwork,IOPS_275,2612,0.4612215626464621
echoStateNetwork,IOPS_275,2613,0.2993415757826703
echoStateNetwork,IOPS_275,2614,0.7239295133604065
echoStateNetwork,IOPS_275,2615,0.030651058973318324
echoStateNetwork,IOPS_275,2616,2.1410370887209318e-05
echoStateNetwork,IOPS_275,2617,0.4102508945307344
echoStateNetwork,IOPS_275,2618,0.11748815948873215
echoStateNetwork,IOPS_275,2619,0.19323450187068503
echoStateNetwork,IOPS_275,2620,0.2054036627500858
echoStateNetwork,IOPS_275,2621,0.04120163412892741
echoStateNetwork,IOPS_275,2622,0.07277324639829852
echoStateNetwork,IOPS_275,2623,0.9038750223617927
echoStateNetwork,IOPS_275,2624,0.009038712752352906
echoStateNetwork,IOPS_275,2625,0.22713014408912413
echoStateNetwork,IOPS_275,2626,0.16172922154102198
echoStateNetwork,IOPS_275,2627,0.13523958059293373
echoStateNetwork,IOPS_275,2628,0.6471481991777044
echoStateNetwork,IOPS_275,2629,0.12261184001706205
echoStateNetwork,IOPS_275,2630,0.7295198796056274
echoStateNetwork,IOPS_275,2631,0.03290950885213251
echoStateNetwork,IOPS_275,2632,0.8863538543910936
echoStateNetwork,IOPS_275,2633,0.8009650745828004
echoStateNetwork,IOPS_275,2634,0.04307603556902395
echoStateNetwork,IOPS_275,2635,0.38667149417784186
echoStateNetwork,IOPS_275,2636,0.5919738584694042
echoStateNetwork,IOPS_275,2637,0.21063079385373384
echoStateNetwork,IOPS_275,2638,0.15038413947657847
echoStateNetwork,IOPS_275,2639,0.011994692429309506
echoStateNetwork,IOPS_275,2640,0.4840414733522984
echoStateNetwork,IOPS_275,2641,0.26261809771323485
echoStateNetwork,IOPS_275,2642,0.26242187063720523
echoStateNetwork,IOPS_275,2643,0.0459352789914359
echoStateNetwork,IOPS_275,2644,0.12924749318096496
echoStateNetwork,IOPS_275,2645,0.49417428581722866
echoStateNetwork,IOPS_275,2646,0.6302323541201342
echoStateNetwork,IOPS_275,2647,0.10308792488103491
echoStateNetwork,IOPS_275,2648,0.1814659064938826
echoStateNetwork,IOPS_275,2649,0.2883612827560228
echoStateNetwork,IOPS_275,2650,0.601192108435598
echoStateNetwork,IOPS_275,2651,0.5597239897682174
echoStateNetwork,IOPS_275,2652,0.5106938891016337
echoStateNetwork,IOPS_275,2653,0.5283334604342589
echoStateNetwork,IOPS_275,2654,0.24080806448185033
echoStateNetwork,IOPS_275,2655,0.0017877719661892888
echoStateNetwork,IOPS_275,2656,0.5656819450506625
echoStateNetwork,IOPS_275,2657,0.000522349479633033
echoStateNetwork,IOPS_275,2658,0.25228166428369947
echoStateNetwork,IOPS_275,2659,0.5367881987706948
echoStateNetwork,IOPS_275,2660,0.07757103887334948
echoStateNetwork,IOPS_275,2661,0.839298607031149
echoStateNetwork,IOPS_275,2662,0.4743992889034677
echoStateNetwork,IOPS_275,2663,0.36354752819336233
echoStateNetwork,IOPS_275,2664,0.874415362510314
echoStateNetwork,IOPS_275,2665,0.3819597490033908
echoStateNetwork,IOPS_275,2666,0.0033295563862776323
echoStateNetwork,IOPS_275,2667,0.09905404527117989
echoStateNetwork,IOPS_275,2668,0.10711899834675331
echoStateNetwork,IOPS_275,2669,0.00013007967069966764
echoStateNetwork,IOPS_275,2670,0.46505486246899475
echoStateNetwork,IOPS_275,2671,0.8883662450709631
echoStateNetwork,IOPS_275,2672,9.76934657443973e-05
echoStateNetwork,IOPS_275,2673,0.316604478691245
echoStateNetwork,IOPS_275,2674,0.011962727553487817
echoStateNetwork,IOPS_275,2675,0.20469516871130522
echoStateNetwork,IOPS_275,2676,0.16903902840590923
echoStateNetwork,IOPS_275,2677,0.47482412788396966
echoStateNetwork,IOPS_275,2678,0.000893415827980637
echoStateNetwork,IOPS_275,2679,0.0601365987605903
echoStateNetwork,IOPS_275,2680,0.05556514507410071
echoStateNetwork,IOPS_275,2681,0.5569764257042997
echoStateNetwork,IOPS_275,2682,0.08321963535953525
echoStateNetwork,IOPS_275,2683,0.07083423382492304
echoStateNetwork,IOPS_275,2684,0.3640474760193936
echoStateNetwork,IOPS_275,2685,0.4840514011698718
echoStateNetwork,IOPS_275,2686,0.002307843435776835
echoStateNetwork,IOPS_275,2687,0.21729259753288854
echoStateNetwork,IOPS_275,2688,0.14680493880305423
echoStateNetwork,IOPS_275,2689,0.26310527778210757
echoStateNetwork,IOPS_275,2690,0.05343099012953423
echoStateNetwork,IOPS_275,2691,0.13061633125508276
echoStateNetwork,IOPS_275,2692,0.5251088143828396
echoStateNetwork,IOPS_275,2693,0.8770823540012103
echoStateNetwork,IOPS_275,2694,0.06959291346367624
echoStateNetwork,IOPS_275,2695,0.31073122479390525
echoStateNetwork,IOPS_275,2696,0.007208730640276384
echoStateNetwork,IOPS_275,2697,0.23188438591063854
echoStateNetwork,IOPS_275,2698,0.36627113643824294
echoStateNetwork,IOPS_275,2699,0.014170699362926253
echoStateNetwork,IOPS_275,2700,0.08049939109108162
echoStateNetwork,IOPS_275,2701,0.08058048598154788
echoStateNetwork,IOPS_275,2702,0.38169806883371826
echoStateNetwork,IOPS_275,2703,0.08322707314596123
echoStateNetwork,IOPS_275,2704,0.4931158700924583
echoStateNetwork,IOPS_275,2705,0.04757086344169492
echoStateNetwork,IOPS_275,2706,0.8561265402690715
echoStateNetwork,IOPS_275,2707,0.2908990564999562
echoStateNetwork,IOPS_275,2708,0.10006750570655754
echoStateNetwork,IOPS_275,2709,0.41753765431111534
echoStateNetwork,IOPS_275,2710,0.9941977943718946
echoStateNetwork,IOPS_275,2711,0.9740450481071312
echoStateNetwork,IOPS_275,2712,0.013905579871299478
echoStateNetwork,IOPS_275,2713,0.34245326991620406
echoStateNetwork,IOPS_275,2714,0.2241815479665037
echoStateNetwork,IOPS_275,2715,0.25992111070187207
echoStateNetwork,IOPS_275,2716,0.8748673360940116
echoStateNetwork,IOPS_275,2717,0.7691372293318466
echoStateNetwork,IOPS_275,2718,0.44750906251139744
echoStateNetwork,IOPS_275,2719,0.6045185631067165
echoStateNetwork,IOPS_275,2720,0.47275876684358553
echoStateNetwork,IOPS_275,2721,0.5642457700045567
echoStateNetwork,IOPS_275,2722,0.021935674057975696
echoStateNetwork,IOPS_275,2723,0.14142113153090863
echoStateNetwork,IOPS_275,2724,0.014083897619611263
echoStateNetwork,IOPS_275,2725,0.2646214185264013
echoStateNetwork,IOPS_275,2726,0.4625031133838986
echoStateNetwork,IOPS_275,2727,0.5527713983118725
echoStateNetwork,IOPS_275,2728,0.002122004858515214
echoStateNetwork,IOPS_275,2729,0.16429827926221718
echoStateNetwork,IOPS_275,2730,0.6709561764372743
echoStateNetwork,IOPS_275,2731,0.21790875379178432
echoStateNetwork,IOPS_275,2732,0.4195277040789077
echoStateNetwork,IOPS_275,2733,0.9624070746991722
echoStateNetwork,IOPS_275,2734,0.30351484922162475
echoStateNetwork,IOPS_275,2735,0.5070396903343124
echoStateNetwork,IOPS_275,2736,0.3828820382788022
echoStateNetwork,IOPS_275,2737,0.9996805962716855
echoStateNetwork,IOPS_275,2738,0.7919381618092107
echoStateNetwork,IOPS_275,2739,0.014681868265342457
echoStateNetwork,IOPS_275,2740,0.07007526889934701
echoStateNetwork,IOPS_275,2741,0.08636818660757772
echoStateNetwork,IOPS_275,2742,0.38131164356339
echoStateNetwork,IOPS_275,2743,0.7227824279932828
echoStateNetwork,IOPS_275,2744,0.07208675549530175
echoStateNetwork,IOPS_275,2745,0.2317350632404397
echoStateNetwork,IOPS_275,2746,0.7261466589434491
echoStateNetwork,IOPS_275,2747,0.029646039468430252
echoStateNetwork,IOPS_275,2748,0.8137079945074674
echoStateNetwork,IOPS_275,2749,0.031940114175977974
echoStateNetwork,IOPS_275,2750,0.10678269898540793
echoStateNetwork,IOPS_275,2751,0.00431636601101737
echoStateNetwork,IOPS_275,2752,0.022716539710376016
echoStateNetwork,IOPS_275,2753,0.22972941051685092
echoStateNetwork,IOPS_275,2754,0.5511873353531638
echoStateNetwork,IOPS_275,2755,0.579198875905335
echoStateNetwork,IOPS_275,2756,0.7485167427147179
echoStateNetwork,IOPS_275,2757,0.5204978114324003
echoStateNetwork,IOPS_275,2758,0.8261456392873165
echoStateNetwork,IOPS_275,2759,0.2644685382139197
echoStateNetwork,IOPS_275,2760,0.023766693491170776
echoStateNetwork,IOPS_275,2761,0.2601050656972539
echoStateNetwork,IOPS_275,2762,0.05075539823160469
echoStateNetwork,IOPS_275,2763,0.03165292557668553
echoStateNetwork,IOPS_275,2764,0.016803213895777547
echoStateNetwork,IOPS_275,2765,0.39778781781332384
echoStateNetwork,IOPS_275,2766,0.0006420257448520594
echoStateNetwork,IOPS_275,2767,0.0881913036119164
echoStateNetwork,IOPS_275,2768,0.4878729563368902
echoStateNetwork,IOPS_275,2769,0.38592302835671355
echoStateNetwork,IOPS_275,2770,0.6181567826260455
echoStateNetwork,IOPS_275,2771,0.0007134170668680051
echoStateNetwork,IOPS_275,2772,0.25026917742617394
echoStateNetwork,IOPS_275,2773,0.005020579322408736
echoStateNetwork,IOPS_275,2774,0.7171742289652354
echoStateNetwork,IOPS_275,2775,0.11927442391558374
echoStateNetwork,IOPS_275,2776,0.21289416480777656
echoStateNetwork,IOPS_275,2777,0.02765762627338919
echoStateNetwork,IOPS_275,2778,0.12028208614597302
echoStateNetwork,IOPS_275,2779,0.417060383679557
echoStateNetwork,IOPS_275,2780,0.03749879736777717
echoStateNetwork,IOPS_275,2781,0.8613457016598884
echoStateNetwork,IOPS_275,2782,0.2915479880154844
echoStateNetwork,IOPS_275,2783,0.9290104453175961
echoStateNetwork,IOPS_275,2784,0.16302369891114266
echoStateNetwork,IOPS_275,2785,0.015091921933261476
echoStateNetwork,IOPS_275,2786,0.4660555687060902
echoStateNetwork,IOPS_275,2787,0.007695917933702057
echoStateNetwork,IOPS_275,2788,0.32288029114585926
echoStateNetwork,IOPS_275,2789,0.00815143013550157
echoStateNetwork,IOPS_275,2790,0.2641807140080805
echoStateNetwork,IOPS_275,2791,0.17283190494531186
echoStateNetwork,IOPS_275,2792,0.061755035835646566
echoStateNetwork,IOPS_275,2793,0.0017332249788906129
echoStateNetwork,IOPS_275,2794,0.3972559430152858
echoStateNetwork,IOPS_275,2795,0.2480234979558189
echoStateNetwork,IOPS_275,2796,0.5092123561579398
echoStateNetwork,IOPS_275,2797,0.5263397228297755
echoStateNetwork,IOPS_275,2798,0.21571779226972354
echoStateNetwork,IOPS_275,2799,0.5428937686249077
echoStateNetwork,IOPS_275,2800,0.11243239149047779
echoStateNetwork,IOPS_275,2801,0.2349557065496375
echoStateNetwork,IOPS_275,2802,0.07153937755955386
echoStateNetwork,IOPS_275,2803,0.1876163259794783
echoStateNetwork,IOPS_275,2804,0.10996575974331446
echoStateNetwork,IOPS_275,2805,0.7370225318116345
echoStateNetwork,IOPS_275,2806,0.003774413758537931
echoStateNetwork,IOPS_275,2807,0.0011988228555659397
echoStateNetwork,IOPS_275,2808,0.3141037928233966
echoStateNetwork,IOPS_275,2809,0.001028085726645922
echoStateNetwork,IOPS_275,2810,0.29056139768886036
echoStateNetwork,IOPS_275,2811,0.27017612038183736
echoStateNetwork,IOPS_275,2812,0.1135182844961975
echoStateNetwork,IOPS_275,2813,0.17031805533684663
echoStateNetwork,IOPS_275,2814,0.6053133424806532
echoStateNetwork,IOPS_275,2815,0.39478209610694126
echoStateNetwork,IOPS_275,2816,0.03306989628123391
echoStateNetwork,IOPS_275,2817,0.498826974688657
echoStateNetwork,IOPS_275,2818,0.10301286004191623
echoStateNetwork,IOPS_275,2819,0.6771454691783337
echoStateNetwork,IOPS_275,2820,0.3270489312746214
echoStateNetwork,IOPS_275,2821,0.21314072737112855
echoStateNetwork,IOPS_275,2822,0.7796842080097264
echoStateNetwork,IOPS_275,2823,0.8182385477017013
echoStateNetwork,IOPS_275,2824,0.16044732825985364
echoStateNetwork,IOPS_275,2825,1.862365053462156e-05
echoStateNetwork,IOPS_275,2826,0.15737995658742743
echoStateNetwork,IOPS_275,2827,0.4163066015957414
echoStateNetwork,IOPS_275,2828,0.02573321213416635
echoStateNetwork,IOPS_275,2829,0.0559677454762354
echoStateNetwork,IOPS_275,2830,0.00013972169252041144
echoStateNetwork,IOPS_275,2831,0.2108841458734
echoStateNetwork,IOPS_275,2832,0.1784318661742904
echoStateNetwork,IOPS_275,2833,0.0028714625583556863
echoStateNetwork,IOPS_275,2834,0.15220085803188876
echoStateNetwork,IOPS_275,2835,0.05242629998545412
echoStateNetwork,IOPS_275,2836,0.12318299407251065
echoStateNetwork,IOPS_275,2837,0.4085796307237166
echoStateNetwork,IOPS_275,2838,0.4072255979652796
echoStateNetwork,IOPS_275,2839,0.4410420789477284
echoStateNetwork,IOPS_275,2840,0.9142875511578008
echoStateNetwork,IOPS_275,2841,0.742757318316976
echoStateNetwork,IOPS_275,2842,0.897603133998014
echoStateNetwork,IOPS_275,2843,0.5336320428365519
echoStateNetwork,IOPS_275,2844,0.9074730070468684
echoStateNetwork,IOPS_275,2845,0.6236738936888532
echoStateNetwork,IOPS_275,2846,0.1991633630918267
echoStateNetwork,IOPS_275,2847,0.42541926789575435
echoStateNetwork,IOPS_275,2848,0.004030031050788807
echoStateNetwork,IOPS_275,2849,0.21973497897143235
echoStateNetwork,IOPS_275,2850,0.01958635162668887
echoStateNetwork,IOPS_275,2851,0.08267398820963268
echoStateNetwork,IOPS_275,2852,0.009405396281580991
echoStateNetwork,IOPS_275,2853,0.09775133479915732
echoStateNetwork,IOPS_275,2854,0.20812079002585226
echoStateNetwork,IOPS_275,2855,0.33699104647987566
echoStateNetwork,IOPS_275,2856,0.007975989493984925
echoStateNetwork,IOPS_275,2857,0.11549525941600258
echoStateNetwork,IOPS_275,2858,0.2473680086207919
echoStateNetwork,IOPS_275,2859,0.037219594849593585
echoStateNetwork,IOPS_275,2860,0.6483775299297292
echoStateNetwork,IOPS_275,2861,0.127516880273434
echoStateNetwork,IOPS_275,2862,0.9344165738723846
echoStateNetwork,IOPS_275,2863,0.22378899194766844
echoStateNetwork,IOPS_275,2864,0.6229452312628732
echoStateNetwork,IOPS_275,2865,0.7469450701743559
echoStateNetwork,IOPS_275,2866,0.7809774494671398
echoStateNetwork,IOPS_275,2867,0.0969347918704706
echoStateNetwork,IOPS_275,2868,0.6266417024211299
echoStateNetwork,IOPS_275,2869,0.12414737483131821
echoStateNetwork,IOPS_275,2870,0.7922940570475787
echoStateNetwork,IOPS_275,2871,0.09363668147847182
echoStateNetwork,IOPS_275,2872,0.25590639939033577
echoStateNetwork,IOPS_275,2873,0.06709234278256748
echoStateNetwork,IOPS_275,2874,0.07965082268346291
echoStateNetwork,IOPS_275,2875,0.2346926384720346
echoStateNetwork,IOPS_275,2876,0.07088119119487024
echoStateNetwork,IOPS_275,2877,0.0637034365283572
echoStateNetwork,IOPS_275,2878,0.03875919183703236
echoStateNetwork,IOPS_275,2879,0.04825080756736155
echoStateNetwork,IOPS_275,2880,0.008302482225638008
echoStateNetwork,IOPS_275,2881,0.08982219424503679
echoStateNetwork,IOPS_275,2882,0.012749233117067882
echoStateNetwork,IOPS_275,2883,2.0163947487272793e-05
echoStateNetwork,IOPS_275,2884,0.18882296658632625
echoStateNetwork,IOPS_275,2885,0.021568848987402744
echoStateNetwork,IOPS_275,2886,0.9327465964065536
echoStateNetwork,IOPS_275,2887,0.32748339107540525
echoStateNetwork,IOPS_275,2888,0.0011480823601209833
echoStateNetwork,IOPS_275,2889,2.368281670295236e-05
echoStateNetwork,IOPS_275,2890,0.5019844747178477
echoStateNetwork,IOPS_275,2891,0.48642104843436906
echoStateNetwork,IOPS_275,2892,0.009482444514514077
echoStateNetwork,IOPS_275,2893,0.7022820127302816
echoStateNetwork,IOPS_275,2894,0.21769508418387729
echoStateNetwork,IOPS_275,2895,0.15358036929593788
echoStateNetwork,IOPS_275,2896,0.14637982054943255
echoStateNetwork,IOPS_275,2897,0.0283551446968483
echoStateNetwork,IOPS_275,2898,0.7068191293076282
echoStateNetwork,IOPS_275,2899,0.5568056572466591
echoStateNetwork,IOPS_275,2900,0.0033861750856999384
echoStateNetwork,IOPS_275,2901,0.06616676441955249
echoStateNetwork,IOPS_275,2902,0.1696300305185936
echoStateNetwork,IOPS_275,2903,0.002833083486593946
echoStateNetwork,IOPS_275,2904,0.08560793571027092
echoStateNetwork,IOPS_275,2905,0.21173314810533905
echoStateNetwork,IOPS_275,2906,0.17942463742131132
echoStateNetwork,IOPS_275,2907,0.09908567594860163
echoStateNetwork,IOPS_275,2908,0.22780847349027256
echoStateNetwork,IOPS_275,2909,0.6257092783379854
echoStateNetwork,IOPS_275,2910,0.005808174650800524
echoStateNetwork,IOPS_275,2911,0.7055176809879338
echoStateNetwork,IOPS_275,2912,0.5702978286628715
echoStateNetwork,IOPS_275,2913,0.047610057659557836
echoStateNetwork,IOPS_275,2914,0.37920521202118906
echoStateNetwork,IOPS_275,2915,0.5502630360813792
echoStateNetwork,IOPS_275,2916,0.016917581931206294
echoStateNetwork,IOPS_275,2917,0.043384115798705936
echoStateNetwork,IOPS_275,2918,0.03044936065765025
echoStateNetwork,IOPS_275,2919,9.947772870588789e-05
echoStateNetwork,IOPS_275,2920,0.7516786419480465
echoStateNetwork,IOPS_275,2921,0.7726489082021586
echoStateNetwork,IOPS_275,2922,0.5787119713064213
echoStateNetwork,IOPS_275,2923,0.24537944895742858
echoStateNetwork,IOPS_275,2924,0.06663305864866165
echoStateNetwork,IOPS_275,2925,0.07897443638829316
echoStateNetwork,IOPS_275,2926,0.016612659987289335
echoStateNetwork,IOPS_275,2927,0.015742419497696836
echoStateNetwork,IOPS_275,2928,0.018592511416190782
echoStateNetwork,IOPS_275,2929,0.17285035880617572
echoStateNetwork,IOPS_275,2930,0.13850115826233278
echoStateNetwork,IOPS_275,2931,0.18371146354209855
echoStateNetwork,IOPS_275,2932,0.001122200882842428
echoStateNetwork,IOPS_275,2933,0.022917539665482267
echoStateNetwork,IOPS_275,2934,0.0014162089036358072
echoStateNetwork,IOPS_275,2935,0.056476662664000865
echoStateNetwork,IOPS_275,2936,0.001030673993861364
echoStateNetwork,IOPS_275,2937,0.25103740701816
echoStateNetwork,IOPS_275,2938,0.10949538634222222
echoStateNetwork,IOPS_275,2939,0.08004214121434117
echoStateNetwork,IOPS_275,2940,0.0014484118317416028
echoStateNetwork,IOPS_275,2941,0.0006016686171566032
echoStateNetwork,IOPS_275,2942,0.8109219376403956
echoStateNetwork,IOPS_275,2943,0.24300889352375743
echoStateNetwork,IOPS_275,2944,0.8444976354833965
echoStateNetwork,IOPS_275,2945,0.006063150106403126
echoStateNetwork,IOPS_275,2946,0.00447433448912582
echoStateNetwork,IOPS_275,2947,0.09622894642480206
echoStateNetwork,IOPS_275,2948,0.16988388783909136
echoStateNetwork,IOPS_275,2949,0.4382975464494846
echoStateNetwork,IOPS_275,2950,0.2664971958923017
echoStateNetwork,IOPS_275,2951,0.6261429397670994
echoStateNetwork,IOPS_275,2952,0.17172237720143124
echoStateNetwork,IOPS_275,2953,0.027041816309402278
echoStateNetwork,IOPS_275,2954,0.3499605753593248
echoStateNetwork,IOPS_275,2955,0.14136290246539007
echoStateNetwork,IOPS_275,2956,0.025632674199972505
echoStateNetwork,IOPS_275,2957,0.001460510842302698
echoStateNetwork,IOPS_275,2958,0.09887939272177526
echoStateNetwork,IOPS_275,2959,0.04057917973476066
echoStateNetwork,IOPS_275,2960,0.08765168026954084
echoStateNetwork,IOPS_275,2961,0.013840659030846303
echoStateNetwork,IOPS_275,2962,0.17062278002223308
echoStateNetwork,IOPS_275,2963,0.08719314763242536
echoStateNetwork,IOPS_275,2964,0.3285150791968059
echoStateNetwork,IOPS_275,2965,0.5585980668220913
echoStateNetwork,IOPS_275,2966,0.01828626711276482
echoStateNetwork,IOPS_275,2967,0.19080922116175092
echoStateNetwork,IOPS_275,2968,0.17734540128702625
echoStateNetwork,IOPS_275,2969,0.16667909002177506
echoStateNetwork,IOPS_275,2970,0.7763574559126807
echoStateNetwork,IOPS_275,2971,0.721208057164483
echoStateNetwork,IOPS_275,2972,0.10244815094314963
echoStateNetwork,IOPS_275,2973,0.11819489567019836
echoStateNetwork,IOPS_275,2974,0.229740874613238
echoStateNetwork,IOPS_275,2975,0.6594551275152991
echoStateNetwork,IOPS_275,2976,0.12431762438780258
echoStateNetwork,IOPS_275,2977,0.0017180013744561018
echoStateNetwork,IOPS_275,2978,0.0011631188095215794
echoStateNetwork,IOPS_275,2979,0.013023578967579219
echoStateNetwork,IOPS_275,2980,0.6014354576557359
echoStateNetwork,IOPS_275,2981,0.8932685528154474
echoStateNetwork,IOPS_275,2982,0.307957523181451
echoStateNetwork,IOPS_275,2983,0.22967280640518373
echoStateNetwork,IOPS_275,2984,0.43835064418630976
echoStateNetwork,IOPS_275,2985,0.37498555243849796
echoStateNetwork,IOPS_275,2986,9.248652151794268e-06
echoStateNetwork,IOPS_275,2987,0.284041383240236
echoStateNetwork,IOPS_275,2988,0.002148170629189705
echoStateNetwork,IOPS_275,2989,0.09970418036490758
echoStateNetwork,IOPS_275,2990,0.012057536000385172
echoStateNetwork,IOPS_275,2991,0.02350331133788386
echoStateNetwork,IOPS_275,2992,0.0006172092484972858
echoStateNetwork,IOPS_275,2993,0.3798113794695125
echoStateNetwork,IOPS_275,2994,0.5386089176542563
echoStateNetwork,IOPS_275,2995,0.008221742544375688
echoStateNetwork,IOPS_275,2996,0.9792246687099573
echoStateNetwork,IOPS_275,2997,0.6567192644364118
echoStateNetwork,IOPS_275,2998,0.1885255365978311
echoStateNetwork,IOPS_275,2999,0.0010101381741172144
echoStateNetwork,IOPS_275,3000,0.022615084928627405
echoStateNetwork,IOPS_275,3001,0.2752511519954197
echoStateNetwork,IOPS_275,3002,0.7506380469874374
echoStateNetwork,IOPS_275,3003,1.6194859697504782e-05
echoStateNetwork,IOPS_275,3004,0.7346299529655698
echoStateNetwork,IOPS_275,3005,0.15353281868195245
echoStateNetwork,IOPS_275,3006,0.0036114949874769264
echoStateNetwork,IOPS_275,3007,0.000467613492994734
echoStateNetwork,IOPS_275,3008,0.23412169559825058
echoStateNetwork,IOPS_275,3009,0.009656407446649418
echoStateNetwork,IOPS_275,3010,0.010846136255635463
echoStateNetwork,IOPS_275,3011,0.30740029719674233
echoStateNetwork,IOPS_275,3012,0.7783831307859422
echoStateNetwork,IOPS_275,3013,0.8591243566830243
echoStateNetwork,IOPS_275,3014,0.2633378092978991
echoStateNetwork,IOPS_275,3015,0.9786284026893279
echoStateNetwork,IOPS_275,3016,0.7505208427436089
echoStateNetwork,IOPS_275,3017,0.05241249707051765
echoStateNetwork,IOPS_275,3018,0.9211364053380227
echoStateNetwork,IOPS_275,3019,0.05568203831525409
echoStateNetwork,IOPS_275,3020,0.649947955505245
echoStateNetwork,IOPS_275,3021,0.010719981187657268
echoStateNetwork,IOPS_275,3022,0.005317552243648271
echoStateNetwork,IOPS_275,3023,0.25944461169999267
echoStateNetwork,IOPS_275,3024,0.1011394824982722
echoStateNetwork,IOPS_275,3025,0.7713151849966725
echoStateNetwork,IOPS_275,3026,0.3238379157164848
echoStateNetwork,IOPS_275,3027,0.02370759395834998
echoStateNetwork,IOPS_275,3028,0.5037461642082193
echoStateNetwork,IOPS_275,3029,0.002446108531970359
echoStateNetwork,IOPS_275,3030,0.2633632689251456
echoStateNetwork,IOPS_275,3031,0.2514857671179529
echoStateNetwork,IOPS_275,3032,0.005682438652787503
echoStateNetwork,IOPS_275,3033,0.3134927770465551
echoStateNetwork,IOPS_275,3034,0.10532082456898273
echoStateNetwork,IOPS_275,3035,0.4649385027868952
echoStateNetwork,IOPS_275,3036,0.12149108621001059
echoStateNetwork,IOPS_275,3037,0.9562583726829563
echoStateNetwork,IOPS_275,3038,0.12120549069436759
echoStateNetwork,IOPS_275,3039,0.6955416349708408
echoStateNetwork,IOPS_275,3040,0.35923011314840125
echoStateNetwork,IOPS_275,3041,0.49212592474354244
echoStateNetwork,IOPS_275,3042,0.9089510182645727
echoStateNetwork,IOPS_275,3043,0.5924823956000618
echoStateNetwork,IOPS_275,3044,0.758117955058691
echoStateNetwork,IOPS_275,3045,0.5960571060320847
echoStateNetwork,IOPS_275,3046,0.08202106006095533
echoStateNetwork,IOPS_275,3047,0.45856368323111074
echoStateNetwork,IOPS_275,3048,0.2530763562384757
echoStateNetwork,IOPS_275,3049,0.038079900947938894
echoStateNetwork,IOPS_275,3050,0.8169044648410044
echoStateNetwork,IOPS_275,3051,0.675178507467577
echoStateNetwork,IOPS_275,3052,0.6395383244730556
echoStateNetwork,IOPS_275,3053,0.49079244480000983
echoStateNetwork,IOPS_275,3054,0.0037293676323673086
echoStateNetwork,IOPS_275,3055,0.02224010248438746
echoStateNetwork,IOPS_275,3056,0.061824344945248355
echoStateNetwork,IOPS_275,3057,0.03887648667612831
echoStateNetwork,IOPS_275,3058,0.20244808280274496
echoStateNetwork,IOPS_275,3059,0.725427121293104
echoStateNetwork,IOPS_275,3060,0.27972413814443753
echoStateNetwork,IOPS_275,3061,0.7645460294566073
echoStateNetwork,IOPS_275,3062,0.008574320817134495
echoStateNetwork,IOPS_275,3063,0.601512845187538
echoStateNetwork,IOPS_275,3064,0.2212719263126378
echoStateNetwork,IOPS_275,3065,0.06930976573367098
echoStateNetwork,IOPS_275,3066,0.7005873500371831
echoStateNetwork,IOPS_275,3067,0.021631065794424975
echoStateNetwork,IOPS_275,3068,9.764930550615336e-05
echoStateNetwork,IOPS_275,3069,0.5218293721869767
echoStateNetwork,IOPS_275,3070,0.15273506159848727
echoStateNetwork,IOPS_275,3071,0.15975084751765245
echoStateNetwork,IOPS_275,3072,0.590982086886068
echoStateNetwork,IOPS_275,3073,0.1222267770911345
echoStateNetwork,IOPS_275,3074,0.2676685135828544
echoStateNetwork,IOPS_275,3075,0.376605018294486
echoStateNetwork,IOPS_275,3076,0.0018670265555000842
echoStateNetwork,IOPS_275,3077,0.3478084294044914
echoStateNetwork,IOPS_275,3078,0.0011064284415819303
echoStateNetwork,IOPS_275,3079,0.5008387198342955
echoStateNetwork,IOPS_275,3080,0.41966885930073394
echoStateNetwork,IOPS_275,3081,0.0046665909955835305
echoStateNetwork,IOPS_275,3082,0.1732600298170327
echoStateNetwork,IOPS_275,3083,0.3045614953988377
echoStateNetwork,IOPS_275,3084,0.27339306380120065
echoStateNetwork,IOPS_275,3085,0.009278295796331104
echoStateNetwork,IOPS_275,3086,0.5192095187856279
echoStateNetwork,IOPS_275,3087,0.021339597419498313
echoStateNetwork,IOPS_275,3088,0.3637088338932829
echoStateNetwork,IOPS_275,3089,0.0036038432397393905
echoStateNetwork,IOPS_275,3090,0.020561098972290415
echoStateNetwork,IOPS_275,3091,0.5578190696471484
echoStateNetwork,IOPS_275,3092,0.005612427140738396
echoStateNetwork,IOPS_275,3093,0.31075214684683117
echoStateNetwork,IOPS_275,3094,0.04739029641053327
echoStateNetwork,IOPS_275,3095,0.003298899470862704
echoStateNetwork,IOPS_275,3096,0.2642615874918701
echoStateNetwork,IOPS_275,3097,0.12005260176463917
echoStateNetwork,IOPS_275,3098,0.6682773648230348
echoStateNetwork,IOPS_275,3099,0.5177367969437319
echoStateNetwork,IOPS_275,3100,0.41394719435416083
echoStateNetwork,IOPS_275,3101,0.8902239848361008
echoStateNetwork,IOPS_275,3102,0.10297677058724564
echoStateNetwork,IOPS_275,3103,0.6540385518486906
echoStateNetwork,IOPS_275,3104,0.12690418690717564
echoStateNetwork,IOPS_275,3105,0.41371688805677687
echoStateNetwork,IOPS_275,3106,0.016619810668618396
echoStateNetwork,IOPS_275,3107,0.2312691937240885
echoStateNetwork,IOPS_275,3108,0.00022219161058145698
echoStateNetwork,IOPS_275,3109,0.6645750060169903
echoStateNetwork,IOPS_275,3110,0.5010343893797093
echoStateNetwork,IOPS_275,3111,0.29349138607800185
echoStateNetwork,IOPS_275,3112,0.617986930204234
echoStateNetwork,IOPS_275,3113,0.01883566952254423
echoStateNetwork,IOPS_275,3114,0.003288976442804681
echoStateNetwork,IOPS_275,3115,0.008486304227509844
echoStateNetwork,IOPS_275,3116,0.0892621314616664
echoStateNetwork,IOPS_275,3117,0.45003453235173596
echoStateNetwork,IOPS_275,3118,0.6330490004793637
echoStateNetwork,IOPS_275,3119,0.06223836419362139
echoStateNetwork,IOPS_275,3120,0.6939290205970687
echoStateNetwork,IOPS_275,3121,0.23968923414820886
echoStateNetwork,IOPS_275,3122,0.9119449846693602
echoStateNetwork,IOPS_275,3123,0.33255429062495623
echoStateNetwork,IOPS_275,3124,0.33467872374254226
echoStateNetwork,IOPS_275,3125,0.43188726761522545
echoStateNetwork,IOPS_275,3126,0.003983895381322156
echoStateNetwork,IOPS_275,3127,0.054036965977875884
echoStateNetwork,IOPS_275,3128,0.12261334783193967
echoStateNetwork,IOPS_275,3129,0.2838430252651827
echoStateNetwork,IOPS_275,3130,0.7975880665519298
echoStateNetwork,IOPS_275,3131,0.08595408592209075
echoStateNetwork,IOPS_275,3132,0.38622875048468663
echoStateNetwork,IOPS_275,3133,0.6092546677475386
echoStateNetwork,IOPS_275,3134,0.08796379699753254
echoStateNetwork,IOPS_275,3135,0.01627890133569132
echoStateNetwork,IOPS_275,3136,0.003422294618121602
echoStateNetwork,IOPS_275,3137,0.03599020956258514
echoStateNetwork,IOPS_275,3138,0.4165504259958531
echoStateNetwork,IOPS_275,3139,0.013719094730826331
echoStateNetwork,IOPS_275,3140,0.35219990821615144
echoStateNetwork,IOPS_275,3141,0.1173652191294482
echoStateNetwork,IOPS_275,3142,0.6610597399252676
echoStateNetwork,IOPS_275,3143,0.47017869345938856
echoStateNetwork,IOPS_275,3144,0.32724004909583837
echoStateNetwork,IOPS_275,3145,0.25713111963672264
echoStateNetwork,IOPS_275,3146,0.06754176686978519
echoStateNetwork,IOPS_275,3147,0.8467382678851199
echoStateNetwork,IOPS_275,3148,0.5017447800317523
echoStateNetwork,IOPS_275,3149,0.03402226500385608
echoStateNetwork,IOPS_275,3150,0.6769322861187326
echoStateNetwork,IOPS_275,3151,0.9112939056821348
echoStateNetwork,IOPS_275,3152,0.037807551836965825
echoStateNetwork,IOPS_275,3153,0.7958818539566328
echoStateNetwork,IOPS_275,3154,0.0272264536072383
echoStateNetwork,IOPS_275,3155,0.1743877954655383
echoStateNetwork,IOPS_275,3156,0.5539176364345217
echoStateNetwork,IOPS_275,3157,0.02263058472947377
echoStateNetwork,IOPS_275,3158,0.6286822855028192
echoStateNetwork,IOPS_275,3159,0.48010189413073256
echoStateNetwork,IOPS_275,3160,0.10109712628779033
echoStateNetwork,IOPS_275,3161,0.417840169732428
echoStateNetwork,IOPS_275,3162,0.2897408217058942
echoStateNetwork,IOPS_275,3163,0.6603123854029365
echoStateNetwork,IOPS_275,3164,0.011389390066042338
echoStateNetwork,IOPS_275,3165,0.08826175248302082
echoStateNetwork,IOPS_275,3166,0.8889353996372351
echoStateNetwork,IOPS_275,3167,0.8986109292108551
echoStateNetwork,IOPS_275,3168,0.5903308521496597
echoStateNetwork,IOPS_275,3169,0.9804513269525941
echoStateNetwork,IOPS_275,3170,0.2922322197206868
echoStateNetwork,IOPS_275,3171,0.40330902966390025
echoStateNetwork,IOPS_275,3172,0.3084087720850772
echoStateNetwork,IOPS_275,3173,0.4690246773958273
echoStateNetwork,IOPS_275,3174,0.01357360560823917
echoStateNetwork,IOPS_275,3175,0.2745513002262936
echoStateNetwork,IOPS_275,3176,0.18033327855513315
echoStateNetwork,IOPS_275,3177,0.07025143766484987
echoStateNetwork,IOPS_275,3178,0.3433420885470645
echoStateNetwork,IOPS_275,3179,0.3902651026589239
echoStateNetwork,IOPS_275,3180,0.7159714598350252
echoStateNetwork,IOPS_275,3181,0.002397498272856846
echoStateNetwork,IOPS_275,3182,0.30602420828559684
echoStateNetwork,IOPS_275,3183,0.29241942204040117
echoStateNetwork,IOPS_275,3184,0.7556683987637507
echoStateNetwork,IOPS_275,3185,0.11170766747781524
echoStateNetwork,IOPS_275,3186,0.02358277796052244
echoStateNetwork,IOPS_275,3187,0.04421214189961742
echoStateNetwork,IOPS_275,3188,0.8238279682312681
echoStateNetwork,IOPS_275,3189,0.5845116548094691
echoStateNetwork,IOPS_275,3190,0.2922603844861128
echoStateNetwork,IOPS_275,3191,0.3112124602352342
echoStateNetwork,IOPS_275,3192,0.362165337569055
echoStateNetwork,IOPS_275,3193,0.6693958121339072
echoStateNetwork,IOPS_275,3194,0.014195227950092981
echoStateNetwork,IOPS_275,3195,0.35307262017911234
echoStateNetwork,IOPS_275,3196,0.14978727825203286
echoStateNetwork,IOPS_275,3197,0.15504816090059725
echoStateNetwork,IOPS_275,3198,0.16864912121201336
echoStateNetwork,IOPS_275,3199,0.8591387149770363
echoStateNetwork,IOPS_275,3200,0.3223981143227359
echoStateNetwork,IOPS_275,3201,0.12802976901876884
echoStateNetwork,IOPS_275,3202,0.0023961784078205817
echoStateNetwork,IOPS_275,3203,0.1998224843913441
echoStateNetwork,IOPS_275,3204,0.10297023276585326
echoStateNetwork,IOPS_275,3205,0.00373344904647277
echoStateNetwork,IOPS_275,3206,0.7324774137413501
echoStateNetwork,IOPS_275,3207,0.20213072390704867
echoStateNetwork,IOPS_275,3208,0.10386475028934072
echoStateNetwork,IOPS_275,3209,0.01750723131830889
echoStateNetwork,IOPS_275,3210,0.13085944107195036
echoStateNetwork,IOPS_275,3211,0.030384536853182653
echoStateNetwork,IOPS_275,3212,0.006031842409949029
echoStateNetwork,IOPS_275,3213,0.11426427500972758
echoStateNetwork,IOPS_275,3214,0.1395215833037079
echoStateNetwork,IOPS_275,3215,0.9217588956839788
echoStateNetwork,IOPS_275,3216,0.02861298674410606
echoStateNetwork,IOPS_275,3217,0.6267388229681434
echoStateNetwork,IOPS_275,3218,0.0936938028130686
echoStateNetwork,IOPS_275,3219,0.3646556127549717
echoStateNetwork,IOPS_275,3220,0.06068087001249156
echoStateNetwork,IOPS_275,3221,0.5359262250545656
echoStateNetwork,IOPS_275,3222,0.910584383787951
echoStateNetwork,IOPS_275,3223,0.09429189410452676
echoStateNetwork,IOPS_275,3224,0.8417039062094114
echoStateNetwork,IOPS_275,3225,0.6634370739482545
echoStateNetwork,IOPS_275,3226,0.02374252660889209
echoStateNetwork,IOPS_275,3227,0.04544355175495374
echoStateNetwork,IOPS_275,3228,0.0022311118174541678
echoStateNetwork,IOPS_275,3229,0.16727228222277035
echoStateNetwork,IOPS_275,3230,0.02979238507932669
echoStateNetwork,IOPS_275,3231,0.30732284564786305
echoStateNetwork,IOPS_275,3232,0.08204190273094514
echoStateNetwork,IOPS_275,3233,0.7254588082607725
echoStateNetwork,IOPS_275,3234,0.03820865758415892
echoStateNetwork,IOPS_275,3235,0.8775965253901271
echoStateNetwork,IOPS_275,3236,0.3957264775850049
echoStateNetwork,IOPS_275,3237,0.6910945671902179
echoStateNetwork,IOPS_275,3238,0.7368728025984203
echoStateNetwork,IOPS_275,3239,0.5604654806974901
echoStateNetwork,IOPS_275,3240,0.302321402628452
echoStateNetwork,IOPS_275,3241,0.07715798915287164
echoStateNetwork,IOPS_275,3242,1.7046854252633636e-06
echoStateNetwork,IOPS_275,3243,0.049445999831066345
echoStateNetwork,IOPS_275,3244,0.48311547227790064
echoStateNetwork,IOPS_275,3245,0.018929189197485874
echoStateNetwork,IOPS_275,3246,0.8610768983804878
echoStateNetwork,IOPS_275,3247,0.3050573518034002
echoStateNetwork,IOPS_275,3248,0.5007023835266728
echoStateNetwork,IOPS_275,3249,0.038416424250332315
echoStateNetwork,IOPS_275,3250,0.04474944508272449
echoStateNetwork,IOPS_275,3251,0.010692421680295938
echoStateNetwork,IOPS_275,3252,0.202524079709147
echoStateNetwork,IOPS_275,3253,0.1216537161659248
echoStateNetwork,IOPS_275,3254,0.1720150528598292
echoStateNetwork,IOPS_275,3255,0.5216941774585125
echoStateNetwork,IOPS_275,3256,0.30533065116985647
echoStateNetwork,IOPS_275,3257,0.08789105713425249
echoStateNetwork,IOPS_275,3258,0.7458333152824592
echoStateNetwork,IOPS_275,3259,0.0025087263657513903
echoStateNetwork,IOPS_275,3260,0.9559106077578594
echoStateNetwork,IOPS_275,3261,0.07190621054977231
echoStateNetwork,IOPS_275,3262,0.8542865146918536
echoStateNetwork,IOPS_275,3263,0.2353105623698366
echoStateNetwork,IOPS_275,3264,0.3261827445550567
echoStateNetwork,IOPS_275,3265,0.25259955046629523
echoStateNetwork,IOPS_275,3266,0.06221411946958755
echoStateNetwork,IOPS_275,3267,0.050172539598069665
echoStateNetwork,IOPS_275,3268,0.07365226500329958
echoStateNetwork,IOPS_275,3269,0.020603214519092083
echoStateNetwork,IOPS_275,3270,0.04440969914072501
echoStateNetwork,IOPS_275,3271,0.3431278043875683
echoStateNetwork,IOPS_275,3272,0.1670168167339594
echoStateNetwork,IOPS_275,3273,0.1716111983264963
echoStateNetwork,IOPS_275,3274,0.13563483077677296
echoStateNetwork,IOPS_275,3275,0.5635824557131205
echoStateNetwork,IOPS_275,3276,0.0006629020327248991
echoStateNetwork,IOPS_275,3277,0.03075065911199648
echoStateNetwork,IOPS_275,3278,0.0058467238439918745
echoStateNetwork,IOPS_275,3279,0.20655078795932436
echoStateNetwork,IOPS_275,3280,0.4186712282605819
echoStateNetwork,IOPS_275,3281,0.4592006261980315
echoStateNetwork,IOPS_275,3282,0.8394793709782652
echoStateNetwork,IOPS_275,3283,0.7465917798033299
echoStateNetwork,IOPS_275,3284,0.9438596006313379
echoStateNetwork,IOPS_275,3285,0.3083114666107193
echoStateNetwork,IOPS_275,3286,0.5251880939682827
echoStateNetwork,IOPS_275,3287,0.17065739499710697
echoStateNetwork,IOPS_275,3288,0.0002665811097368742
echoStateNetwork,IOPS_275,3289,0.1765230066165817
echoStateNetwork,IOPS_275,3290,0.02555169820055736
echoStateNetwork,IOPS_275,3291,0.247963637167121
echoStateNetwork,IOPS_275,3292,0.24890416568142404
echoStateNetwork,IOPS_275,3293,0.6665851829508185
echoStateNetwork,IOPS_275,3294,0.03459361876005518
echoStateNetwork,IOPS_275,3295,0.37246275975292187
echoStateNetwork,IOPS_275,3296,0.17532739947768183
echoStateNetwork,IOPS_275,3297,0.31880462431901824
echoStateNetwork,IOPS_275,3298,0.039346709398189295
echoStateNetwork,IOPS_275,3299,0.1808744284000361
echoStateNetwork,IOPS_275,3300,0.1290459994660612
echoStateNetwork,IOPS_275,3301,0.2752537938353946
echoStateNetwork,IOPS_275,3302,0.5296699984621397
echoStateNetwork,IOPS_275,3303,0.17965161994667012
echoStateNetwork,IOPS_275,3304,0.5948452336662122
echoStateNetwork,IOPS_275,3305,0.32223289630637064
echoStateNetwork,IOPS_275,3306,0.719780298832257
echoStateNetwork,IOPS_275,3307,0.00031849824970464624
echoStateNetwork,IOPS_275,3308,0.3915508446720679
echoStateNetwork,IOPS_275,3309,0.2692678672647745
echoStateNetwork,IOPS_275,3310,0.19881196043893634
echoStateNetwork,IOPS_275,3311,0.0003620424687275081
echoStateNetwork,IOPS_275,3312,0.022243036017442375
echoStateNetwork,IOPS_275,3313,0.4020641874178775
echoStateNetwork,IOPS_275,3314,0.3961519616919753
echoStateNetwork,IOPS_275,3315,0.32124049530983423
echoStateNetwork,IOPS_275,3316,0.26239948886428077
echoStateNetwork,IOPS_275,3317,0.37553085957447774
echoStateNetwork,IOPS_275,3318,0.1895206473592539
echoStateNetwork,IOPS_275,3319,0.00774543181620202
echoStateNetwork,IOPS_275,3320,0.20210914268326863
echoStateNetwork,IOPS_275,3321,0.003522305482326682
echoStateNetwork,IOPS_275,3322,0.04693390744887094
echoStateNetwork,IOPS_275,3323,0.38469601214543636
echoStateNetwork,IOPS_275,3324,0.0927623889996797
echoStateNetwork,IOPS_275,3325,0.16779150101142848
echoStateNetwork,IOPS_275,3326,0.21255856123768224
echoStateNetwork,IOPS_275,3327,0.0008196333451533366
echoStateNetwork,IOPS_275,3328,0.004124349186082066
echoStateNetwork,IOPS_275,3329,0.09668417981915511
echoStateNetwork,IOPS_275,3330,0.0023522162607062524
echoStateNetwork,IOPS_275,3331,0.41749666473276226
echoStateNetwork,IOPS_275,3332,0.4305222689932202
echoStateNetwork,IOPS_275,3333,0.022463364603555358
echoStateNetwork,IOPS_275,3334,0.1014337427921338
echoStateNetwork,IOPS_275,3335,1.97765274899675e-05
echoStateNetwork,IOPS_275,3336,0.8159283224889481
echoStateNetwork,IOPS_275,3337,0.01141780167437878
echoStateNetwork,IOPS_275,3338,0.7636492663093398
echoStateNetwork,IOPS_275,3339,0.29189898249811796
echoStateNetwork,IOPS_275,3340,0.023920093552906252
echoStateNetwork,IOPS_275,3341,0.28681382972482394
echoStateNetwork,IOPS_275,3342,0.7595362348379275
echoStateNetwork,IOPS_275,3343,0.5704826446423911
echoStateNetwork,IOPS_275,3344,0.13192779560712986
echoStateNetwork,IOPS_275,3345,0.02909802585279142
echoStateNetwork,IOPS_275,3346,0.874626600752513
echoStateNetwork,IOPS_275,3347,0.4819392888706634
echoStateNetwork,IOPS_275,3348,0.45497516088054824
echoStateNetwork,IOPS_275,3349,0.17869242098482618
echoStateNetwork,IOPS_275,3350,0.4907613548228651
echoStateNetwork,IOPS_275,3351,0.012731735061171978
echoStateNetwork,IOPS_275,3352,0.2815459818185222
echoStateNetwork,IOPS_275,3353,0.2397036982784836
echoStateNetwork,IOPS_275,3354,0.4367638594359704
echoStateNetwork,IOPS_275,3355,0.11088363695869796
echoStateNetwork,IOPS_275,3356,0.007018762083486618
echoStateNetwork,IOPS_275,3357,0.07964077702459094
echoStateNetwork,IOPS_275,3358,0.14595177156733308
echoStateNetwork,IOPS_275,3359,0.1306306125895339
echoStateNetwork,IOPS_275,3360,0.22081570068845724
echoStateNetwork,IOPS_275,3361,0.16272386877466893
echoStateNetwork,IOPS_275,3362,0.3327690986467925
echoStateNetwork,IOPS_275,3363,0.05079292776812505
echoStateNetwork,IOPS_275,3364,0.9386838410543978
echoStateNetwork,IOPS_275,3365,0.620701873538865
echoStateNetwork,IOPS_275,3366,0.3174932532577336
echoStateNetwork,IOPS_275,3367,0.02128196738351895
echoStateNetwork,IOPS_275,3368,0.8898266429326247
echoStateNetwork,IOPS_275,3369,0.7489100528214185
echoStateNetwork,IOPS_275,3370,0.8637301736754106
echoStateNetwork,IOPS_275,3371,0.1871071536148925
echoStateNetwork,IOPS_275,3372,0.37276269139475404
echoStateNetwork,IOPS_275,3373,0.5063519723413696
echoStateNetwork,IOPS_275,3374,0.17518574057484337
echoStateNetwork,IOPS_275,3375,0.43051979011483443
echoStateNetwork,IOPS_275,3376,0.018570912289074037
echoStateNetwork,IOPS_275,3377,0.3305345813086189
echoStateNetwork,IOPS_275,3378,0.08787433065320471
echoStateNetwork,IOPS_275,3379,0.37754655591694164
echoStateNetwork,IOPS_275,3380,0.04393570904344979
echoStateNetwork,IOPS_275,3381,0.32841896254441505
echoStateNetwork,IOPS_275,3382,0.46237759422240354
echoStateNetwork,IOPS_275,3383,0.5788329274428933
echoStateNetwork,IOPS_275,3384,0.6967153779224161
echoStateNetwork,IOPS_275,3385,0.37978895027980564
echoStateNetwork,IOPS_275,3386,0.917949146827504
echoStateNetwork,IOPS_275,3387,0.0066244908674794045
echoStateNetwork,IOPS_275,3388,0.1411205288277564
echoStateNetwork,IOPS_275,3389,0.7225247927559848
echoStateNetwork,IOPS_275,3390,0.7704055521003341
echoStateNetwork,IOPS_275,3391,0.8669957292775484
echoStateNetwork,IOPS_275,3392,0.40218211838744355
echoStateNetwork,IOPS_275,3393,0.3730240975178757
echoStateNetwork,IOPS_275,3394,0.02317463438060008
echoStateNetwork,IOPS_275,3395,0.576036023535534
echoStateNetwork,IOPS_275,3396,0.04800063221796491
echoStateNetwork,IOPS_275,3397,0.10030281248100226
echoStateNetwork,IOPS_275,3398,0.7459690631698628
echoStateNetwork,IOPS_275,3399,0.15166313953348842
echoStateNetwork,IOPS_275,3400,0.9274216777246801
echoStateNetwork,IOPS_275,3401,0.3556753773291197
echoStateNetwork,IOPS_275,3402,0.36446819420070964
echoStateNetwork,IOPS_275,3403,0.7354426313260214
echoStateNetwork,IOPS_275,3404,0.17618804079073203
echoStateNetwork,IOPS_275,3405,0.4569754313108071
echoStateNetwork,IOPS_275,3406,0.02864983989242842
echoStateNetwork,IOPS_275,3407,0.05479176464664559
echoStateNetwork,IOPS_275,3408,0.3710122723845938
echoStateNetwork,IOPS_275,3409,0.3989332573482762
echoStateNetwork,IOPS_275,3410,0.7743568906386415
echoStateNetwork,IOPS_275,3411,0.3850042566046631
echoStateNetwork,IOPS_275,3412,0.995359513378834
echoStateNetwork,IOPS_275,3413,0.7079793218553283
echoStateNetwork,IOPS_275,3414,0.8687121363864456
echoStateNetwork,IOPS_275,3415,0.404526521159584
echoStateNetwork,IOPS_275,3416,0.2802281781367352
echoStateNetwork,IOPS_275,3417,9.141637510956535e-05
echoStateNetwork,IOPS_275,3418,0.14890383592740442
echoStateNetwork,IOPS_275,3419,0.06103544805747174
echoStateNetwork,IOPS_275,3420,0.5472351231325083
echoStateNetwork,IOPS_275,3421,0.3025341551803016
echoStateNetwork,IOPS_275,3422,0.8589543943468635
echoStateNetwork,IOPS_275,3423,0.10653580423240416
echoStateNetwork,IOPS_275,3424,0.15961736309022578
echoStateNetwork,IOPS_275,3425,0.3417383223296492
echoStateNetwork,IOPS_275,3426,0.07853549296120943
echoStateNetwork,IOPS_275,3427,0.01338445709693492
echoStateNetwork,IOPS_275,3428,0.06453862585065029
echoStateNetwork,IOPS_275,3429,0.00011758565822239664
echoStateNetwork,IOPS_275,3430,0.42131143454895215
echoStateNetwork,IOPS_275,3431,0.10103673853955664
echoStateNetwork,IOPS_275,3432,0.7540337023380446
echoStateNetwork,IOPS_275,3433,0.11488455849309365
echoStateNetwork,IOPS_275,3434,0.006258988909955021
echoStateNetwork,IOPS_275,3435,0.10277154334372052
echoStateNetwork,IOPS_275,3436,0.8976616779107496
echoStateNetwork,IOPS_275,3437,0.1558881534981098
echoStateNetwork,IOPS_275,3438,0.24416171324282965
echoStateNetwork,IOPS_275,3439,0.11939587919960792
echoStateNetwork,IOPS_275,3440,0.265713106642797
echoStateNetwork,IOPS_275,3441,0.8300131589705749
echoStateNetwork,IOPS_275,3442,0.8980965515843592
echoStateNetwork,IOPS_275,3443,0.9306336238878232
echoStateNetwork,IOPS_275,3444,0.14226383794194553
echoStateNetwork,IOPS_275,3445,0.12483646137119231
echoStateNetwork,IOPS_275,3446,0.018444897993135423
echoStateNetwork,IOPS_275,3447,0.14457045288114134
echoStateNetwork,IOPS_275,3448,0.1667730231120511
echoStateNetwork,IOPS_275,3449,0.002263672433259978
echoStateNetwork,IOPS_275,3450,0.048498828904108504
echoStateNetwork,IOPS_275,3451,0.4227018276007447
echoStateNetwork,IOPS_275,3452,0.3201856263429441
echoStateNetwork,IOPS_275,3453,0.8278201513796438
echoStateNetwork,IOPS_275,3454,0.4476056307822375
echoStateNetwork,IOPS_275,3455,0.20285985481778557
echoStateNetwork,IOPS_275,3456,0.05969062653412194
echoStateNetwork,IOPS_275,3457,0.0014849082736285713
echoStateNetwork,IOPS_275,3458,0.26084722144932326
echoStateNetwork,IOPS_275,3459,0.47147980686389523
echoStateNetwork,IOPS_275,3460,0.196398627039167
echoStateNetwork,IOPS_275,3461,0.005467494098179371
echoStateNetwork,IOPS_275,3462,0.795148376096569
echoStateNetwork,IOPS_275,3463,0.6860241537635365
echoStateNetwork,IOPS_275,3464,0.7801227057510925
echoStateNetwork,IOPS_275,3465,0.9327168797612542
echoStateNetwork,IOPS_275,3466,0.4379668022826455
echoStateNetwork,IOPS_275,3467,0.16658260715561146
echoStateNetwork,IOPS_275,3468,0.36664424887944536
echoStateNetwork,IOPS_275,3469,0.1580237464469827
echoStateNetwork,IOPS_275,3470,0.0751008009475852
echoStateNetwork,IOPS_275,3471,0.007651986715940584
echoStateNetwork,IOPS_275,3472,0.033386752334234715
echoStateNetwork,IOPS_275,3473,0.21035588057209165
echoStateNetwork,IOPS_275,3474,0.030976151707625466
echoStateNetwork,IOPS_275,3475,0.19071596651421685
echoStateNetwork,IOPS_275,3476,0.05472117319427616
echoStateNetwork,IOPS_275,3477,0.04959201481965492
echoStateNetwork,IOPS_275,3478,0.00040467693029366814
echoStateNetwork,IOPS_275,3479,0.5651115067914163
echoStateNetwork,IOPS_275,3480,0.844130172083437
echoStateNetwork,IOPS_275,3481,0.010927844291019229
echoStateNetwork,IOPS_275,3482,0.9783044771292015
echoStateNetwork,IOPS_275,3483,0.44137590205038046
echoStateNetwork,IOPS_275,3484,0.0023077744948074574
echoStateNetwork,IOPS_275,3485,0.10116934921180831
echoStateNetwork,IOPS_275,3486,0.371674759050998
echoStateNetwork,IOPS_275,3487,0.06991074896397131
echoStateNetwork,IOPS_275,3488,0.03441702175201855
echoStateNetwork,IOPS_275,3489,0.24506179419738183
echoStateNetwork,IOPS_275,3490,0.004543519821742392
echoStateNetwork,IOPS_275,3491,0.09965150154374458
echoStateNetwork,IOPS_275,3492,0.04353000763195747
echoStateNetwork,IOPS_275,3493,2.2683890792518646e-05
echoStateNetwork,IOPS_275,3494,0.2602595144690253
echoStateNetwork,IOPS_275,3495,0.006745654339326501
echoStateNetwork,IOPS_275,3496,0.03543194106479208
echoStateNetwork,IOPS_275,3497,0.13335706590794738
echoStateNetwork,IOPS_275,3498,0.2283949472771829
echoStateNetwork,IOPS_275,3499,0.13788166394447998
echoStateNetwork,IOPS_275,3500,0.23523777088062714
echoStateNetwork,IOPS_275,3501,0.9827538887852844
echoStateNetwork,IOPS_275,3502,0.3438414109637009
echoStateNetwork,IOPS_275,3503,0.8541977830187554
echoStateNetwork,IOPS_275,3504,0.9345755325554476
echoStateNetwork,IOPS_275,3505,0.6287200506099246
echoStateNetwork,IOPS_275,3506,0.553284413075261
echoStateNetwork,IOPS_275,3507,0.7872468706921322
echoStateNetwork,IOPS_275,3508,0.16693649905449448
echoStateNetwork,IOPS_275,3509,0.7277024120248994
echoStateNetwork,IOPS_275,3510,0.4573187954680388
echoStateNetwork,IOPS_275,3511,0.7520605436086663
echoStateNetwork,IOPS_275,3512,0.05743987174527776
echoStateNetwork,IOPS_275,3513,0.2079754331883441
echoStateNetwork,IOPS_275,3514,0.04526253209255371
echoStateNetwork,IOPS_275,3515,0.012865559575520269
echoStateNetwork,IOPS_275,3516,0.020930954794444623
echoStateNetwork,IOPS_275,3517,0.33757522583930166
echoStateNetwork,IOPS_275,3518,0.10645055397793579
echoStateNetwork,IOPS_275,3519,0.11701922066082349
echoStateNetwork,IOPS_275,3520,0.6927746694624479
echoStateNetwork,IOPS_275,3521,0.10577343366812186
echoStateNetwork,IOPS_275,3522,0.6247011571584251
echoStateNetwork,IOPS_275,3523,0.19063210755204485
echoStateNetwork,IOPS_275,3524,0.2808682275121335
echoStateNetwork,IOPS_275,3525,0.0010167965005918322
echoStateNetwork,IOPS_275,3526,0.12814730687631182
echoStateNetwork,IOPS_275,3527,0.983723253966873
echoStateNetwork,IOPS_275,3528,0.1671634194718281
echoStateNetwork,IOPS_275,3529,0.534227613574873
echoStateNetwork,IOPS_275,3530,0.0025818756555263667
echoStateNetwork,IOPS_275,3531,0.0626628957610641
echoStateNetwork,IOPS_275,3532,0.7508555317493899
echoStateNetwork,IOPS_275,3533,0.0004367683131365485
echoStateNetwork,IOPS_275,3534,0.326120012867519
echoStateNetwork,IOPS_275,3535,0.296183864757535
echoStateNetwork,IOPS_275,3536,0.0022802640755938963
echoStateNetwork,IOPS_275,3537,0.014248739785136855
echoStateNetwork,IOPS_275,3538,0.021998352522962894
echoStateNetwork,IOPS_275,3539,0.2863969850583048
echoStateNetwork,IOPS_275,3540,0.4079425269646886
echoStateNetwork,IOPS_275,3541,0.17640312805034541
echoStateNetwork,IOPS_275,3542,0.7599519015151287
echoStateNetwork,IOPS_275,3543,0.34247549215904405
echoStateNetwork,IOPS_275,3544,0.5264200826476708
echoStateNetwork,IOPS_275,3545,0.31051110836153073
echoStateNetwork,IOPS_275,3546,0.012730385975673775
echoStateNetwork,IOPS_275,3547,0.8406885376201161
echoStateNetwork,IOPS_275,3548,0.12678728661027394
echoStateNetwork,IOPS_275,3549,0.003807895809002426
echoStateNetwork,IOPS_275,3550,0.25864916912002034
echoStateNetwork,IOPS_275,3551,0.5388539963147667
echoStateNetwork,IOPS_275,3552,0.21681544844368317
echoStateNetwork,IOPS_275,3553,0.2636227821720786
echoStateNetwork,IOPS_275,3554,0.07738158643361936
echoStateNetwork,IOPS_275,3555,0.028997337163701342
echoStateNetwork,IOPS_275,3556,0.18248195695927527
echoStateNetwork,IOPS_275,3557,0.30009158492230725
echoStateNetwork,IOPS_275,3558,0.013986312152875269
echoStateNetwork,IOPS_275,3559,0.38881361647586576
echoStateNetwork,IOPS_275,3560,0.04442559531926282
echoStateNetwork,IOPS_275,3561,0.6405986547161764
echoStateNetwork,IOPS_275,3562,0.2717324176930813
echoStateNetwork,IOPS_275,3563,0.6602138508387649
echoStateNetwork,IOPS_275,3564,0.018928637978256835
echoStateNetwork,IOPS_275,3565,0.193597105835299
echoStateNetwork,IOPS_275,3566,0.015201631856299191
echoStateNetwork,IOPS_275,3567,0.3571845142253005
echoStateNetwork,IOPS_275,3568,0.07300234706181519
echoStateNetwork,IOPS_275,3569,0.7930521008831107
echoStateNetwork,IOPS_275,3570,0.005281781964117105
echoStateNetwork,IOPS_275,3571,0.6168043781907163
echoStateNetwork,IOPS_275,3572,0.08013887941106468
echoStateNetwork,IOPS_275,3573,0.17585574462254117
echoStateNetwork,IOPS_275,3574,0.0006939319091717744
echoStateNetwork,IOPS_275,3575,0.445060204469769
echoStateNetwork,IOPS_275,3576,0.16432758690310412
echoStateNetwork,IOPS_275,3577,0.45678220331968045
echoStateNetwork,IOPS_275,3578,0.00889036808876198
echoStateNetwork,IOPS_275,3579,0.343163186179539
echoStateNetwork,IOPS_275,3580,0.5256877619973479
echoStateNetwork,IOPS_275,3581,0.38711207867898667
echoStateNetwork,IOPS_275,3582,0.7572645199112809
echoStateNetwork,IOPS_275,3583,0.7329917138954779
echoStateNetwork,IOPS_275,3584,0.605061762721778
echoStateNetwork,IOPS_275,3585,0.7023348690317702
echoStateNetwork,IOPS_275,3586,0.7344406082838959
echoStateNetwork,IOPS_275,3587,0.6818040138255744
echoStateNetwork,IOPS_275,3588,0.6669608830261263
echoStateNetwork,IOPS_275,3589,0.5567197917666351
echoStateNetwork,IOPS_275,3590,0.40749494463024705
echoStateNetwork,IOPS_275,3591,0.008030461362717012
echoStateNetwork,IOPS_275,3592,0.009466623929857865
echoStateNetwork,IOPS_275,3593,0.08975927149230412
echoStateNetwork,IOPS_275,3594,0.38025493557536094
echoStateNetwork,IOPS_275,3595,0.042877676176219626
echoStateNetwork,IOPS_275,3596,0.2922105838915334
echoStateNetwork,IOPS_275,3597,0.16266516906271544
echoStateNetwork,IOPS_275,3598,0.3693204089576184
echoStateNetwork,IOPS_275,3599,0.7011674813171646
echoStateNetwork,IOPS_275,3600,0.6855412312060232
echoStateNetwork,IOPS_275,3601,0.48458463288367926
echoStateNetwork,IOPS_275,3602,0.644965548009648
echoStateNetwork,IOPS_275,3603,0.03075625141974392
echoStateNetwork,IOPS_275,3604,0.4399203036838062
echoStateNetwork,IOPS_275,3605,0.4459120302647933
echoStateNetwork,IOPS_275,3606,0.8921509974125447
echoStateNetwork,IOPS_275,3607,0.022686204852485292
echoStateNetwork,IOPS_275,3608,0.6770636803277288
echoStateNetwork,IOPS_275,3609,0.08490131904170095
echoStateNetwork,IOPS_275,3610,0.11992744199754402
echoStateNetwork,IOPS_275,3611,0.003067382508957661
echoStateNetwork,IOPS_275,3612,0.035918743906504624
echoStateNetwork,IOPS_275,3613,0.017261476386792873
echoStateNetwork,IOPS_275,3614,0.34250651298863977
echoStateNetwork,IOPS_275,3615,0.5518978386703858
echoStateNetwork,IOPS_275,3616,0.4504253434532085
echoStateNetwork,IOPS_275,3617,0.3742453907921641
echoStateNetwork,IOPS_275,3618,0.6349675768459908
echoStateNetwork,IOPS_275,3619,0.21958207341992797
echoStateNetwork,IOPS_275,3620,0.5724725975493004
echoStateNetwork,IOPS_275,3621,0.033396979054078346
echoStateNetwork,IOPS_275,3622,0.5153230480401245
echoStateNetwork,IOPS_275,3623,0.18065669572325793
echoStateNetwork,IOPS_275,3624,0.4961000732424439
echoStateNetwork,IOPS_275,3625,0.154055407001374
echoStateNetwork,IOPS_275,3626,0.5584270785887597
echoStateNetwork,IOPS_275,3627,0.1056104958914994
echoStateNetwork,IOPS_275,3628,0.3439344651882892
echoStateNetwork,IOPS_275,3629,0.48341464500857234
echoStateNetwork,IOPS_275,3630,0.024901025193266424
echoStateNetwork,IOPS_275,3631,0.08218578051575776
echoStateNetwork,IOPS_275,3632,0.10957891206986048
echoStateNetwork,IOPS_275,3633,0.27055235969100033
echoStateNetwork,IOPS_275,3634,0.4584522038595933
echoStateNetwork,IOPS_275,3635,0.0017034809481939472
echoStateNetwork,IOPS_275,3636,0.7238897442866548
echoStateNetwork,IOPS_275,3637,0.017905138978734025
echoStateNetwork,IOPS_275,3638,0.049140926217938974
echoStateNetwork,IOPS_275,3639,0.04187215971091518
echoStateNetwork,IOPS_275,3640,0.024276756665729482
echoStateNetwork,IOPS_275,3641,0.06358991332350805
echoStateNetwork,IOPS_275,3642,0.2887730757831307
echoStateNetwork,IOPS_275,3643,0.19721915803310752
echoStateNetwork,IOPS_275,3644,0.31696167739056424
echoStateNetwork,IOPS_275,3645,0.01349665361571939
echoStateNetwork,IOPS_275,3646,0.25339704107212957
echoStateNetwork,IOPS_275,3647,0.27116077616629497
echoStateNetwork,IOPS_275,3648,0.44394294999600425
echoStateNetwork,IOPS_275,3649,0.2270846373373434
echoStateNetwork,IOPS_275,3650,0.0072192671873021474
echoStateNetwork,IOPS_275,3651,0.4517315100409567
echoStateNetwork,IOPS_275,3652,0.011093725272979582
echoStateNetwork,IOPS_275,3653,0.04543041416613658
echoStateNetwork,IOPS_275,3654,0.741546104205161
echoStateNetwork,IOPS_275,3655,0.017098279116349868
echoStateNetwork,IOPS_275,3656,0.6185061324055161
echoStateNetwork,IOPS_275,3657,0.10858484169311478
echoStateNetwork,IOPS_275,3658,0.005628731876268334
echoStateNetwork,IOPS_275,3659,0.2292371573199966
echoStateNetwork,IOPS_275,3660,0.012487270959658181
echoStateNetwork,IOPS_275,3661,0.40590058677605867
echoStateNetwork,IOPS_275,3662,0.027871720656746257
echoStateNetwork,IOPS_275,3663,0.5756977784692775
echoStateNetwork,IOPS_275,3664,0.13222383012747885
echoStateNetwork,IOPS_275,3665,0.17416116199229503
echoStateNetwork,IOPS_275,3666,0.12619766251223807
echoStateNetwork,IOPS_275,3667,0.001130719228453425
echoStateNetwork,IOPS_275,3668,0.7567341865504732
echoStateNetwork,IOPS_275,3669,0.26152418805189526
echoStateNetwork,IOPS_275,3670,0.26993676837842173
echoStateNetwork,IOPS_275,3671,0.6898397726000434
echoStateNetwork,IOPS_275,3672,0.012835478975514958
echoStateNetwork,IOPS_275,3673,0.08995614380453909
echoStateNetwork,IOPS_275,3674,0.008365521347332372
echoStateNetwork,IOPS_275,3675,0.042728188870027495
echoStateNetwork,IOPS_275,3676,0.36807127416380236
echoStateNetwork,IOPS_275,3677,0.1876902953391777
echoStateNetwork,IOPS_275,3678,0.44626420458070304
echoStateNetwork,IOPS_275,3679,0.09507250549264101
echoStateNetwork,IOPS_275,3680,0.5777885994508407
echoStateNetwork,IOPS_275,3681,0.36163084988837624
echoStateNetwork,IOPS_275,3682,0.3530855711078762
echoStateNetwork,IOPS_275,3683,0.2921241972126133
echoStateNetwork,IOPS_275,3684,0.008926926533703528
echoStateNetwork,IOPS_275,3685,0.2455038445930413
echoStateNetwork,IOPS_275,3686,0.0009729923198453783
echoStateNetwork,IOPS_275,3687,0.04284242896972379
echoStateNetwork,IOPS_275,3688,0.010831111444858932
echoStateNetwork,IOPS_275,3689,0.4547630279915289
echoStateNetwork,IOPS_275,3690,0.03195880324249145
echoStateNetwork,IOPS_275,3691,0.009943317486367231
echoStateNetwork,IOPS_275,3692,0.20249460695105137
echoStateNetwork,IOPS_275,3693,0.26414155029097297
echoStateNetwork,IOPS_275,3694,0.0006663581322122747
echoStateNetwork,IOPS_275,3695,0.36520384474063616
echoStateNetwork,IOPS_275,3696,0.20479133981217612
echoStateNetwork,IOPS_275,3697,0.09183885466250463
echoStateNetwork,IOPS_275,3698,0.057317363431294455
echoStateNetwork,IOPS_275,3699,0.6327003871943764
echoStateNetwork,IOPS_275,3700,0.009116837986029247
echoStateNetwork,IOPS_275,3701,0.03761394630272086
echoStateNetwork,IOPS_275,3702,0.43469245013243774
echoStateNetwork,IOPS_275,3703,0.1808981083500404
echoStateNetwork,IOPS_275,3704,0.6764970170539477
echoStateNetwork,IOPS_275,3705,0.4588197407404896
echoStateNetwork,IOPS_275,3706,0.0013425089945471314
echoStateNetwork,IOPS_275,3707,0.937688477511949
echoStateNetwork,IOPS_275,3708,0.818619454943
echoStateNetwork,IOPS_275,3709,0.03870410181187156
echoStateNetwork,IOPS_275,3710,0.1455762771576241
echoStateNetwork,IOPS_275,3711,0.29238335900591095
echoStateNetwork,IOPS_275,3712,0.853186125671182
echoStateNetwork,IOPS_275,3713,0.13177966757101967
echoStateNetwork,IOPS_275,3714,0.0023143634470310648
echoStateNetwork,IOPS_275,3715,0.6287375439534164
echoStateNetwork,IOPS_275,3716,0.3322121288836106
echoStateNetwork,IOPS_275,3717,0.4116676857017574
echoStateNetwork,IOPS_275,3718,0.6832049247640541
echoStateNetwork,IOPS_275,3719,0.06905038426497301
echoStateNetwork,IOPS_275,3720,0.5807442566899742
echoStateNetwork,IOPS_275,3721,0.012042884585494296
echoStateNetwork,IOPS_275,3722,0.15475912210460896
echoStateNetwork,IOPS_275,3723,0.021242611873454997
echoStateNetwork,IOPS_275,3724,0.0003977724786581316
echoStateNetwork,IOPS_275,3725,0.2797510983801844
echoStateNetwork,IOPS_275,3726,0.7547927550153106
echoStateNetwork,IOPS_275,3727,0.31992105734705145
echoStateNetwork,IOPS_275,3728,0.05876146804418603
echoStateNetwork,IOPS_275,3729,0.9888647927369089
echoStateNetwork,IOPS_275,3730,0.8395128636027744
echoStateNetwork,IOPS_275,3731,0.31179077405186806
echoStateNetwork,IOPS_275,3732,0.011706093981114996
echoStateNetwork,IOPS_275,3733,0.019076968476130163
echoStateNetwork,IOPS_275,3734,0.9940458337570898
echoStateNetwork,IOPS_275,3735,0.8778174711864919
echoStateNetwork,IOPS_275,3736,0.10107177316736748
echoStateNetwork,IOPS_275,3737,0.027507649153931335
echoStateNetwork,IOPS_275,3738,0.054203526292542326
echoStateNetwork,IOPS_275,3739,0.8647725306634201
echoStateNetwork,IOPS_275,3740,0.1376640156672111
echoStateNetwork,IOPS_275,3741,0.8051427072195387
echoStateNetwork,IOPS_275,3742,0.02859172201556459
echoStateNetwork,IOPS_275,3743,0.7807029361220428
echoStateNetwork,IOPS_275,3744,0.08708565854283667
echoStateNetwork,IOPS_275,3745,0.5530135560823368
echoStateNetwork,IOPS_275,3746,0.7647012630296175
echoStateNetwork,IOPS_275,3747,0.7671504869472761
echoStateNetwork,IOPS_275,3748,0.5657906659001732
echoStateNetwork,IOPS_275,3749,0.8217243541036185
echoStateNetwork,IOPS_275,3750,0.04524362458233333
echoStateNetwork,IOPS_275,3751,0.24443112097917952
echoStateNetwork,IOPS_275,3752,0.02761253936926822
echoStateNetwork,IOPS_275,3753,0.16859206183950237
echoStateNetwork,IOPS_275,3754,0.08731965898804617
echoStateNetwork,IOPS_275,3755,0.002758008312397364
echoStateNetwork,IOPS_275,3756,0.7140043780781955
echoStateNetwork,IOPS_275,3757,0.666223845107582
echoStateNetwork,IOPS_275,3758,0.05099782085307014
echoStateNetwork,IOPS_275,3759,0.3033505207631271
echoStateNetwork,IOPS_275,3760,0.33792482607539
echoStateNetwork,IOPS_275,3761,0.009927367918371233
echoStateNetwork,IOPS_275,3762,0.20901405320002708
echoStateNetwork,IOPS_275,3763,0.1557805711549618
echoStateNetwork,IOPS_275,3764,0.7542090602043539
echoStateNetwork,IOPS_275,3765,0.42842083854542146
echoStateNetwork,IOPS_275,3766,0.7313288533113684
echoStateNetwork,IOPS_275,3767,0.019429277924601918
echoStateNetwork,IOPS_275,3768,0.4804912822550276
echoStateNetwork,IOPS_275,3769,0.02276257316931607
echoStateNetwork,IOPS_275,3770,0.3379049826070831
echoStateNetwork,IOPS_275,3771,0.049964347378070206
echoStateNetwork,IOPS_275,3772,0.08181218259307987
echoStateNetwork,IOPS_275,3773,0.36936910970538495
echoStateNetwork,IOPS_275,3774,0.03583076502998561
echoStateNetwork,IOPS_275,3775,0.11992991658941121
echoStateNetwork,IOPS_275,3776,0.01092916877637562
echoStateNetwork,IOPS_275,3777,0.000409909961070154
echoStateNetwork,IOPS_275,3778,0.5042159567591663
echoStateNetwork,IOPS_275,3779,0.00030862721258462233
echoStateNetwork,IOPS_275,3780,0.5377634129102276
echoStateNetwork,IOPS_275,3781,0.18792557798813858
echoStateNetwork,IOPS_275,3782,0.7376397781447301
echoStateNetwork,IOPS_275,3783,0.11676872403631333
echoStateNetwork,IOPS_275,3784,0.7911654883443324
echoStateNetwork,IOPS_275,3785,0.005467005324462204
echoStateNetwork,IOPS_275,3786,0.09442534050310669
echoStateNetwork,IOPS_275,3787,0.36604856410251496
echoStateNetwork,IOPS_275,3788,0.41677279248996857
echoStateNetwork,IOPS_275,3789,0.10066280496890867
echoStateNetwork,IOPS_275,3790,0.057876408045085315
echoStateNetwork,IOPS_275,3791,0.005294392727637209
echoStateNetwork,IOPS_275,3792,0.5094273447541781
echoStateNetwork,IOPS_275,3793,0.25014789199038134
echoStateNetwork,IOPS_275,3794,0.33185033075899817
echoStateNetwork,IOPS_275,3795,0.033531876965726126
echoStateNetwork,IOPS_275,3796,0.44303273762697337
echoStateNetwork,IOPS_275,3797,0.026870082291683417
echoStateNetwork,IOPS_275,3798,0.199272472127364
echoStateNetwork,IOPS_275,3799,0.05357687252956467
echoStateNetwork,IOPS_275,3800,0.14503157831441515
echoStateNetwork,IOPS_275,3801,0.14948897759167745
echoStateNetwork,IOPS_275,3802,0.306997345966622
echoStateNetwork,IOPS_275,3803,0.08914486383942355
echoStateNetwork,IOPS_275,3804,0.05145781231460511
echoStateNetwork,IOPS_275,3805,0.5229409005150552
echoStateNetwork,IOPS_275,3806,0.0030751153627718297
echoStateNetwork,IOPS_275,3807,0.240125303166981
echoStateNetwork,IOPS_275,3808,0.2962477059039409
echoStateNetwork,IOPS_275,3809,0.35368744012068243
echoStateNetwork,IOPS_275,3810,0.17004800393821973
echoStateNetwork,IOPS_275,3811,0.3192782713471093
echoStateNetwork,IOPS_275,3812,0.2035375287389095
echoStateNetwork,IOPS_275,3813,0.11324469571714812
echoStateNetwork,IOPS_275,3814,0.045533911609030864
echoStateNetwork,IOPS_275,3815,0.05426805379802535
echoStateNetwork,IOPS_275,3816,0.3121552804616302
echoStateNetwork,IOPS_275,3817,0.09780654598868799
echoStateNetwork,IOPS_275,3818,0.5147229652941983
echoStateNetwork,IOPS_275,3819,0.3663937757241297
echoStateNetwork,IOPS_275,3820,0.01832543561788924
echoStateNetwork,IOPS_275,3821,1.7260901870930212e-05
echoStateNetwork,IOPS_275,3822,0.21542362073394894
echoStateNetwork,IOPS_275,3823,0.21283674570596278
echoStateNetwork,IOPS_275,3824,0.07875027200347806
echoStateNetwork,IOPS_275,3825,0.0005042066902058995
echoStateNetwork,IOPS_275,3826,0.23974571033056902
echoStateNetwork,IOPS_275,3827,0.0035085012809070726
echoStateNetwork,IOPS_275,3828,0.3001418376427881
echoStateNetwork,IOPS_275,3829,0.015838647718753984
echoStateNetwork,IOPS_275,3830,0.5379297011864046
echoStateNetwork,IOPS_275,3831,0.005053270458597825
echoStateNetwork,IOPS_275,3832,0.26145665170116716
echoStateNetwork,IOPS_275,3833,0.0780793992237121
echoStateNetwork,IOPS_275,3834,0.005310281722282761
echoStateNetwork,IOPS_275,3835,0.3933346004957766
echoStateNetwork,IOPS_275,3836,0.20321674249579247
echoStateNetwork,IOPS_275,3837,0.04360103337311361
echoStateNetwork,IOPS_275,3838,0.36110244492855303
echoStateNetwork,IOPS_275,3839,0.2993793430912496
echoStateNetwork,IOPS_275,3840,0.2258072316500236
echoStateNetwork,IOPS_275,3841,0.2520726649865822
echoStateNetwork,IOPS_275,3842,0.007721645448551695
echoStateNetwork,IOPS_275,3843,0.009686331647086988
echoStateNetwork,IOPS_275,3844,0.2755265989781116
echoStateNetwork,IOPS_275,3845,0.05644466877905874
echoStateNetwork,IOPS_275,3846,0.5430424270802344
echoStateNetwork,IOPS_275,3847,0.009928747435773322
echoStateNetwork,IOPS_275,3848,0.4012452014490172
echoStateNetwork,IOPS_275,3849,0.17767491410062364
echoStateNetwork,IOPS_275,3850,0.3034174327738224
echoStateNetwork,IOPS_275,3851,0.7588382609759606
echoStateNetwork,IOPS_275,3852,0.24283359658500125
echoStateNetwork,IOPS_275,3853,0.7617982458967876
echoStateNetwork,IOPS_275,3854,0.09597267777783935
echoStateNetwork,IOPS_275,3855,3.9094608382472806e-05
echoStateNetwork,IOPS_275,3856,0.24669517487692028
echoStateNetwork,IOPS_275,3857,0.031143773461986934
echoStateNetwork,IOPS_275,3858,0.16340933504775346
echoStateNetwork,IOPS_275,3859,0.03288151817333285
echoStateNetwork,IOPS_275,3860,0.6886954039331139
echoStateNetwork,IOPS_275,3861,0.5048352591679651
echoStateNetwork,IOPS_275,3862,0.13538223604490596
echoStateNetwork,IOPS_275,3863,0.23288356759065265
echoStateNetwork,IOPS_275,3864,0.0035342951310255444
echoStateNetwork,IOPS_275,3865,0.043142943710427595
echoStateNetwork,IOPS_275,3866,0.018045913179027484
echoStateNetwork,IOPS_275,3867,0.2741471979307821
echoStateNetwork,IOPS_275,3868,0.13671449572006567
echoStateNetwork,IOPS_275,3869,0.07230901913804066
echoStateNetwork,IOPS_275,3870,0.5738608086730148
echoStateNetwork,IOPS_275,3871,0.056902812687276816
echoStateNetwork,IOPS_275,3872,0.5825506665923369
echoStateNetwork,IOPS_275,3873,0.5939024908615622
echoStateNetwork,IOPS_275,3874,0.0009392757331297963
echoStateNetwork,IOPS_275,3875,0.5517296035751118
echoStateNetwork,IOPS_275,3876,0.39636445302681633
echoStateNetwork,IOPS_275,3877,0.010863701628951339
echoStateNetwork,IOPS_275,3878,0.1351869638694556
echoStateNetwork,IOPS_275,3879,0.45311483756565796
echoStateNetwork,IOPS_275,3880,0.03568016054640977
echoStateNetwork,IOPS_275,3881,0.44208218128719656
echoStateNetwork,IOPS_275,3882,0.22186975072825532
echoStateNetwork,IOPS_275,3883,0.059320192221614665
echoStateNetwork,IOPS_275,3884,0.2212343839423968
echoStateNetwork,IOPS_275,3885,0.49533099864615626
echoStateNetwork,IOPS_275,3886,0.15352598129492911
echoStateNetwork,IOPS_275,3887,0.009291584575156775
echoStateNetwork,IOPS_275,3888,0.00020646218035647035
echoStateNetwork,IOPS_275,3889,0.3777130668227915
echoStateNetwork,IOPS_275,3890,0.047556439677759466
echoStateNetwork,IOPS_275,3891,0.460743153029046
echoStateNetwork,IOPS_275,3892,0.00749251001298179
echoStateNetwork,IOPS_275,3893,0.7458281222565302
echoStateNetwork,IOPS_275,3894,0.24354410602642973
echoStateNetwork,IOPS_275,3895,0.7414038038517232
echoStateNetwork,IOPS_275,3896,0.6125914436791118
echoStateNetwork,IOPS_275,3897,0.7190914609504795
echoStateNetwork,IOPS_275,3898,0.40085045287627274
echoStateNetwork,IOPS_275,3899,0.02596795493877302
echoStateNetwork,IOPS_275,3900,0.22988170841699485
echoStateNetwork,IOPS_275,3901,0.3029695877945209
echoStateNetwork,IOPS_275,3902,0.43091056861970267
echoStateNetwork,IOPS_275,3903,0.7512584286346469
echoStateNetwork,IOPS_275,3904,0.09790451363356723
echoStateNetwork,IOPS_275,3905,0.04195525583265991
echoStateNetwork,IOPS_275,3906,0.0949439768660032
echoStateNetwork,IOPS_275,3907,0.5705171999931661
echoStateNetwork,IOPS_275,3908,0.6466770158291044
echoStateNetwork,IOPS_275,3909,0.698585377854029
echoStateNetwork,IOPS_275,3910,0.6028454943978501
echoStateNetwork,IOPS_275,3911,0.17422344462055317
echoStateNetwork,IOPS_275,3912,0.12342604132940194
echoStateNetwork,IOPS_275,3913,0.49956718724706206
echoStateNetwork,IOPS_275,3914,0.22996561238229918
echoStateNetwork,IOPS_275,3915,0.6686643741284537
echoStateNetwork,IOPS_275,3916,0.21700839301213537
echoStateNetwork,IOPS_275,3917,0.6192137451716859
echoStateNetwork,IOPS_275,3918,0.37372723590351353
echoStateNetwork,IOPS_275,3919,0.15107389693164497
echoStateNetwork,IOPS_275,3920,0.5307297281581511
echoStateNetwork,IOPS_275,3921,0.0013732765026929217
echoStateNetwork,IOPS_275,3922,0.15730724754852332
echoStateNetwork,IOPS_275,3923,0.7951765232427415
echoStateNetwork,IOPS_275,3924,0.04080383559034839
echoStateNetwork,IOPS_275,3925,0.83450265608986
echoStateNetwork,IOPS_275,3926,0.0044992982347893395
echoStateNetwork,IOPS_275,3927,0.017566695720306003
echoStateNetwork,IOPS_275,3928,0.6022372431630033
echoStateNetwork,IOPS_275,3929,0.3383607292728483
echoStateNetwork,IOPS_275,3930,0.6017291335953785
echoStateNetwork,IOPS_275,3931,0.8378283531139503
echoStateNetwork,IOPS_275,3932,0.27200142563443064
echoStateNetwork,IOPS_275,3933,0.1251876482970441
echoStateNetwork,IOPS_275,3934,0.32988507378472753
echoStateNetwork,IOPS_275,3935,0.015252414720075658
echoStateNetwork,IOPS_275,3936,0.3241190414339209
echoStateNetwork,IOPS_275,3937,0.02903077018658684
echoStateNetwork,IOPS_275,3938,0.00047092882848265294
echoStateNetwork,IOPS_275,3939,0.906565432813839
echoStateNetwork,IOPS_275,3940,0.2254427190762336
echoStateNetwork,IOPS_275,3941,0.4930270170180684
echoStateNetwork,IOPS_275,3942,0.8287248443077991
echoStateNetwork,IOPS_275,3943,0.005866840459472833
echoStateNetwork,IOPS_275,3944,0.4363825698639501
echoStateNetwork,IOPS_275,3945,0.061387240654002584
echoStateNetwork,IOPS_275,3946,0.18354836246315975
echoStateNetwork,IOPS_275,3947,0.3572905598569448
echoStateNetwork,IOPS_275,3948,0.14853671704917992
echoStateNetwork,IOPS_275,3949,0.6208281062517184
echoStateNetwork,IOPS_275,3950,0.6899546234878979
echoStateNetwork,IOPS_275,3951,0.11468062966015502
echoStateNetwork,IOPS_275,3952,0.22538576311834901
echoStateNetwork,IOPS_275,3953,0.4029708148883351
echoStateNetwork,IOPS_275,3954,0.2689209926332021
echoStateNetwork,IOPS_275,3955,0.15504635603738437
echoStateNetwork,IOPS_275,3956,0.10791663032883592
echoStateNetwork,IOPS_275,3957,0.44180081854753894
echoStateNetwork,IOPS_275,3958,0.02671398542729353
echoStateNetwork,IOPS_275,3959,0.585238602985076
echoStateNetwork,IOPS_275,3960,0.4592396186829979
echoStateNetwork,IOPS_275,3961,0.3764463388276106
echoStateNetwork,IOPS_275,3962,0.22486549093644015
echoStateNetwork,IOPS_275,3963,0.6368364920522293
echoStateNetwork,IOPS_275,3964,0.6309329616319868
echoStateNetwork,IOPS_275,3965,0.1635506997395222
echoStateNetwork,IOPS_275,3966,0.004921408578580588
echoStateNetwork,IOPS_275,3967,0.05331110777426051
echoStateNetwork,IOPS_275,3968,0.8983674046192504
echoStateNetwork,IOPS_275,3969,0.19032411825445716
echoStateNetwork,IOPS_275,3970,0.9175750912664421
echoStateNetwork,IOPS_275,3971,0.2528392144156121
echoStateNetwork,IOPS_275,3972,0.16339668341788105
echoStateNetwork,IOPS_275,3973,0.03587931597349647
echoStateNetwork,IOPS_275,3974,0.02969411499334229
echoStateNetwork,IOPS_275,3975,0.04341101456265495
echoStateNetwork,IOPS_275,3976,0.015237378010021896
echoStateNetwork,IOPS_275,3977,0.1452821753531074
echoStateNetwork,IOPS_275,3978,0.12755551328411885
echoStateNetwork,IOPS_275,3979,0.39420090445659484
echoStateNetwork,IOPS_275,3980,0.017953281546735256
echoStateNetwork,IOPS_275,3981,0.719550230849368
echoStateNetwork,IOPS_275,3982,0.02720379604222689
echoStateNetwork,IOPS_275,3983,0.056894531670217297
echoStateNetwork,IOPS_275,3984,0.10018267981244566
echoStateNetwork,IOPS_275,3985,0.016129725464349987
echoStateNetwork,IOPS_275,3986,0.803016206698865
echoStateNetwork,IOPS_275,3987,0.7555639323240492
echoStateNetwork,IOPS_275,3988,0.06699992801445431
echoStateNetwork,IOPS_275,3989,0.5169812876628964
echoStateNetwork,IOPS_275,3990,0.17517779286778112
echoStateNetwork,IOPS_275,3991,0.34025398313461597
echoStateNetwork,IOPS_275,3992,0.5526919844990652
echoStateNetwork,IOPS_275,3993,0.009886830994059959
echoStateNetwork,IOPS_275,3994,0.01403109056296814
echoStateNetwork,IOPS_275,3995,0.37784104690465414
echoStateNetwork,IOPS_275,3996,0.17264188448947482
echoStateNetwork,IOPS_275,3997,0.49099613382175034
echoStateNetwork,IOPS_275,3998,0.5042371173848734
echoStateNetwork,IOPS_275,3999,0.6593953981063241
echoStateNetwork,IOPS_275,4000,0.01637848006569953
echoStateNetwork,IOPS_275,4001,0.007694636827056733
echoStateNetwork,IOPS_275,4002,0.022850988121588478
echoStateNetwork,IOPS_275,4003,0.35624911380001767
echoStateNetwork,IOPS_275,4004,0.1774272594002816
echoStateNetwork,IOPS_275,4005,0.855588156118594
echoStateNetwork,IOPS_275,4006,0.779397563792655
echoStateNetwork,IOPS_275,4007,0.002884648039990001
echoStateNetwork,IOPS_275,4008,0.43471559367212986
echoStateNetwork,IOPS_275,4009,0.00611151065371196
echoStateNetwork,IOPS_275,4010,0.02537966405046288
echoStateNetwork,IOPS_275,4011,0.013228227016808591
echoStateNetwork,IOPS_275,4012,0.053650920777830846
echoStateNetwork,IOPS_275,4013,0.013705160209277811
echoStateNetwork,IOPS_275,4014,0.1420096021708428
echoStateNetwork,IOPS_275,4015,0.16703982484545532
echoStateNetwork,IOPS_275,4016,0.11538024697362548
echoStateNetwork,IOPS_275,4017,0.05253972078707514
echoStateNetwork,IOPS_275,4018,0.6121388288250222
echoStateNetwork,IOPS_275,4019,0.1241531237632787
echoStateNetwork,IOPS_275,4020,0.00859756835856007
echoStateNetwork,IOPS_275,4021,0.22159318279590035
echoStateNetwork,IOPS_275,4022,0.1348966665869632
echoStateNetwork,IOPS_275,4023,0.2200043922196595
echoStateNetwork,IOPS_275,4024,0.14638242008359936
echoStateNetwork,IOPS_275,4025,0.0036264864014378118
echoStateNetwork,IOPS_275,4026,0.3339071203809665
echoStateNetwork,IOPS_275,4027,0.6519463278454505
echoStateNetwork,IOPS_275,4028,0.08072684225116444
echoStateNetwork,IOPS_275,4029,0.19852450568626945
echoStateNetwork,IOPS_275,4030,0.00014482380283775687
echoStateNetwork,IOPS_275,4031,0.5438810769654647
echoStateNetwork,IOPS_275,4032,0.5132894495365248
echoStateNetwork,IOPS_275,4033,0.41794958954544226
echoStateNetwork,IOPS_275,4034,0.6423056430765853
echoStateNetwork,IOPS_275,4035,0.16366052877043835
echoStateNetwork,IOPS_275,4036,0.00010909916977086542
echoStateNetwork,IOPS_275,4037,0.2511380273598811
echoStateNetwork,IOPS_275,4038,0.2930730709076481
echoStateNetwork,IOPS_275,4039,0.02503343504915989
echoStateNetwork,IOPS_275,4040,0.5253251718223004
echoStateNetwork,IOPS_275,4041,0.22265838503750846
echoStateNetwork,IOPS_275,4042,0.1487611814445735
echoStateNetwork,IOPS_275,4043,0.05271994417058512
echoStateNetwork,IOPS_275,4044,0.1470304525020263
echoStateNetwork,IOPS_275,4045,0.6328147205983576
echoStateNetwork,IOPS_275,4046,0.09660295577039613
echoStateNetwork,IOPS_275,4047,0.009008243567921737
echoStateNetwork,IOPS_275,4048,0.09688874818374205
echoStateNetwork,IOPS_275,4049,0.26990139935894475
echoStateNetwork,IOPS_275,4050,0.19444003141469435
echoStateNetwork,IOPS_275,4051,0.12572554786069823
echoStateNetwork,IOPS_275,4052,0.14364796571972316
echoStateNetwork,IOPS_275,4053,0.00946123771491636
echoStateNetwork,IOPS_275,4054,0.2581705652881542
echoStateNetwork,IOPS_275,4055,0.16378223275582815
echoStateNetwork,IOPS_275,4056,0.5726577081347344
echoStateNetwork,IOPS_275,4057,0.33980916365372826
echoStateNetwork,IOPS_275,4058,0.6481952807055142
echoStateNetwork,IOPS_275,4059,0.4813477433176324
echoStateNetwork,IOPS_275,4060,0.001108372727612661
echoStateNetwork,IOPS_275,4061,0.7970296449622967
echoStateNetwork,IOPS_275,4062,0.01571310157038841
echoStateNetwork,IOPS_275,4063,0.14948900759825023
echoStateNetwork,IOPS_275,4064,0.00039155883119579293
echoStateNetwork,IOPS_275,4065,0.2977328880832091
echoStateNetwork,IOPS_275,4066,0.2689798483227014
echoStateNetwork,IOPS_275,4067,0.22838687311224792
echoStateNetwork,IOPS_275,4068,0.24813428253543668
echoStateNetwork,IOPS_275,4069,0.008849049146890331
echoStateNetwork,IOPS_275,4070,0.03394115453463542
echoStateNetwork,IOPS_275,4071,0.009392647393874465
echoStateNetwork,IOPS_275,4072,0.2658566484232392
echoStateNetwork,IOPS_275,4073,0.4805768448387179
echoStateNetwork,IOPS_275,4074,0.1820531286830538
echoStateNetwork,IOPS_275,4075,0.8360593062870124
echoStateNetwork,IOPS_275,4076,0.10221401791571716
echoStateNetwork,IOPS_275,4077,0.9773330419655775
echoStateNetwork,IOPS_275,4078,0.20182685852151638
echoStateNetwork,IOPS_275,4079,0.965381640362124
echoStateNetwork,IOPS_275,4080,0.6116509203289455
echoStateNetwork,IOPS_275,4081,0.7045867561760832
echoStateNetwork,IOPS_275,4082,0.2762404184259636
echoStateNetwork,IOPS_275,4083,0.7636055277209665
echoStateNetwork,IOPS_275,4084,0.33770046344261895
echoStateNetwork,IOPS_275,4085,0.14446271255970755
echoStateNetwork,IOPS_275,4086,0.1557460371682492
echoStateNetwork,IOPS_275,4087,0.12649648662319601
echoStateNetwork,IOPS_275,4088,0.29795647876118847
echoStateNetwork,IOPS_275,4089,0.017450425787963963
echoStateNetwork,IOPS_275,4090,0.7928092930290495
echoStateNetwork,IOPS_275,4091,0.002062441795436909
echoStateNetwork,IOPS_275,4092,0.945408662919587
echoStateNetwork,IOPS_275,4093,0.05659807966145902
echoStateNetwork,IOPS_275,4094,0.983337711371776
echoStateNetwork,IOPS_275,4095,0.5115454223340137
echoStateNetwork,IOPS_275,4096,0.729564207156926
echoStateNetwork,IOPS_275,4097,0.9570495543990882
echoStateNetwork,IOPS_275,4098,0.025033405729246727
echoStateNetwork,IOPS_275,4099,0.9360239901242176
echoStateNetwork,IOPS_275,4100,0.27921140840458214
echoStateNetwork,IOPS_275,4101,0.6778003716257932
echoStateNetwork,IOPS_275,4102,0.2679909080372933
echoStateNetwork,IOPS_275,4103,0.7482900760038922
echoStateNetwork,IOPS_275,4104,0.6069561305295411
echoStateNetwork,IOPS_275,4105,0.6339613723794233
echoStateNetwork,IOPS_275,4106,0.3683915094865472
echoStateNetwork,IOPS_275,4107,0.005700996255605828
echoStateNetwork,IOPS_275,4108,0.47237724376417645
echoStateNetwork,IOPS_275,4109,0.25425038063682703
echoStateNetwork,IOPS_275,4110,0.44529409395685426
echoStateNetwork,IOPS_275,4111,0.04927046279166725
echoStateNetwork,IOPS_275,4112,0.8976232800685778
echoStateNetwork,IOPS_275,4113,0.2938050061883217
echoStateNetwork,IOPS_275,4114,0.98233755524037
echoStateNetwork,IOPS_275,4115,0.4756475639737091
echoStateNetwork,IOPS_275,4116,0.9545192934789681
echoStateNetwork,IOPS_275,4117,0.009435984290306232
echoStateNetwork,IOPS_275,4118,0.4990855470510255
echoStateNetwork,IOPS_275,4119,0.22723676930346626
echoStateNetwork,IOPS_275,4120,0.029915580985331758
echoStateNetwork,IOPS_275,4121,0.29353964163991886
echoStateNetwork,IOPS_275,4122,0.21890856847338258
echoStateNetwork,IOPS_275,4123,0.027707653729430515
echoStateNetwork,IOPS_275,4124,0.13979396884602802
echoStateNetwork,IOPS_275,4125,0.20925224938461517
echoStateNetwork,IOPS_275,4126,0.029036445399013622
echoStateNetwork,IOPS_275,4127,0.1288178435400016
echoStateNetwork,IOPS_275,4128,0.2723674416668549
echoStateNetwork,IOPS_275,4129,0.013461998551109411
echoStateNetwork,IOPS_275,4130,0.6928146554235359
echoStateNetwork,IOPS_275,4131,0.30610655420343236
echoStateNetwork,IOPS_275,4132,0.349191758516882
echoStateNetwork,IOPS_275,4133,0.272908353253025
echoStateNetwork,IOPS_275,4134,0.33608080403582674
echoStateNetwork,IOPS_275,4135,0.7313223255902476
echoStateNetwork,IOPS_275,4136,0.6314240282848296
echoStateNetwork,IOPS_275,4137,0.9436497919434099
echoStateNetwork,IOPS_275,4138,0.12431781068130465
echoStateNetwork,IOPS_275,4139,0.8182392457970834
echoStateNetwork,IOPS_275,4140,0.06062002415457757
echoStateNetwork,IOPS_275,4141,0.16073316406878924
echoStateNetwork,IOPS_275,4142,0.11842171621216435
echoStateNetwork,IOPS_275,4143,0.013902331455365236
echoStateNetwork,IOPS_275,4144,0.20838184188486053
echoStateNetwork,IOPS_275,4145,0.013145064476522417
echoStateNetwork,IOPS_275,4146,0.4282388838086647
echoStateNetwork,IOPS_275,4147,0.548694531410086
echoStateNetwork,IOPS_275,4148,0.01559889109032686
echoStateNetwork,IOPS_275,4149,0.036872060279353525
echoStateNetwork,IOPS_275,4150,0.006095002780723169
echoStateNetwork,IOPS_275,4151,0.04706632655029275
echoStateNetwork,IOPS_275,4152,0.3908808598469542
echoStateNetwork,IOPS_275,4153,0.22821494516144125
echoStateNetwork,IOPS_275,4154,0.0015631615183319125
echoStateNetwork,IOPS_275,4155,0.010257009695316288
echoStateNetwork,IOPS_275,4156,0.2269333275397738
echoStateNetwork,IOPS_275,4157,0.5715615646117447
echoStateNetwork,IOPS_275,4158,0.18390884888291037
echoStateNetwork,IOPS_275,4159,0.3290304437919147
echoStateNetwork,IOPS_275,4160,0.6356737686001557
echoStateNetwork,IOPS_275,4161,0.26302482952273687
echoStateNetwork,IOPS_275,4162,0.5224754987488278
echoStateNetwork,IOPS_275,4163,0.10006484478624467
echoStateNetwork,IOPS_275,4164,0.6037400898567722
echoStateNetwork,IOPS_275,4165,0.16973405759707594
echoStateNetwork,IOPS_275,4166,0.5679486664039364
echoStateNetwork,IOPS_275,4167,0.24601472059082974
echoStateNetwork,IOPS_275,4168,0.32220102910348436
echoStateNetwork,IOPS_275,4169,0.517235825139163
echoStateNetwork,IOPS_275,4170,0.004937702617084483
echoStateNetwork,IOPS_275,4171,0.24223000822036955
echoStateNetwork,IOPS_275,4172,1.5837406414087596e-06
echoStateNetwork,IOPS_275,4173,0.002011782002295681
echoStateNetwork,IOPS_275,4174,1.2282610591496379e-05
echoStateNetwork,IOPS_275,4175,0.1893273172920219
echoStateNetwork,IOPS_275,4176,0.12262141351654066
echoStateNetwork,IOPS_275,4177,0.11948866238710365
echoStateNetwork,IOPS_275,4178,0.61231821364371
echoStateNetwork,IOPS_275,4179,0.0174431769793576
echoStateNetwork,IOPS_275,4180,0.5128521390782292
echoStateNetwork,IOPS_275,4181,0.5741770963771542
echoStateNetwork,IOPS_275,4182,0.07980636291248333
echoStateNetwork,IOPS_275,4183,6.659957925203575e-05
echoStateNetwork,IOPS_275,4184,0.02470918360489216
echoStateNetwork,IOPS_275,4185,0.0008737085758486751
echoStateNetwork,IOPS_275,4186,0.41451307354725897
echoStateNetwork,IOPS_275,4187,0.20548564739222386
echoStateNetwork,IOPS_275,4188,0.04765577057107018
echoStateNetwork,IOPS_275,4189,0.047834004019534415
echoStateNetwork,IOPS_275,4190,0.10680164381523816
echoStateNetwork,IOPS_275,4191,0.0068880123668441096
echoStateNetwork,IOPS_275,4192,0.11066844955942934
echoStateNetwork,IOPS_275,4193,0.03443501046535813
echoStateNetwork,IOPS_275,4194,0.0419710581222128
echoStateNetwork,IOPS_275,4195,0.23054834905997668
echoStateNetwork,IOPS_275,4196,0.22351139768516048
echoStateNetwork,IOPS_275,4197,0.26636103744238426
echoStateNetwork,IOPS_275,4198,0.3073592874572718
echoStateNetwork,IOPS_275,4199,0.2770247841378852
echoStateNetwork,IOPS_275,4200,0.6191288180037234
echoStateNetwork,IOPS_275,4201,0.7520565191181552
echoStateNetwork,IOPS_275,4202,0.7695926377755126
echoStateNetwork,IOPS_275,4203,0.8560687316068738
echoStateNetwork,IOPS_275,4204,0.49432294013594
echoStateNetwork,IOPS_275,4205,0.4614264471162791
echoStateNetwork,IOPS_275,4206,0.9194421434943592
echoStateNetwork,IOPS_275,4207,0.986324377670886
echoStateNetwork,IOPS_275,4208,0.944820280902942
echoStateNetwork,IOPS_275,4209,0.33882800136114755
echoStateNetwork,IOPS_275,4210,0.0017537445396110796
echoStateNetwork,IOPS_275,4211,0.3284757541525076
echoStateNetwork,IOPS_275,4212,0.07973637685065349
echoStateNetwork,IOPS_275,4213,0.6777602977272987
echoStateNetwork,IOPS_275,4214,0.11188991137448101
echoStateNetwork,IOPS_275,4215,0.5515193224416954
echoStateNetwork,IOPS_275,4216,0.2675839751677134
echoStateNetwork,IOPS_275,4217,0.4663217790521228
echoStateNetwork,IOPS_275,4218,0.22669259730508995
echoStateNetwork,IOPS_275,4219,0.04997941755236168
echoStateNetwork,IOPS_275,4220,0.9509744467275266
echoStateNetwork,IOPS_275,4221,0.34517712822313984
echoStateNetwork,IOPS_275,4222,1.4497303218230506e-05
echoStateNetwork,IOPS_275,4223,0.2704150469058062
echoStateNetwork,IOPS_275,4224,0.4394626384144916
echoStateNetwork,IOPS_275,4225,0.12591700549186036
echoStateNetwork,IOPS_275,4226,0.49095866910392205
echoStateNetwork,IOPS_275,4227,0.14911741923726085
echoStateNetwork,IOPS_275,4228,0.2308071122934734
echoStateNetwork,IOPS_275,4229,0.9682659890587292
echoStateNetwork,IOPS_275,4230,0.8749747494766638
echoStateNetwork,IOPS_275,4231,0.8773828770192476
echoStateNetwork,IOPS_275,4232,0.19980880220448582
echoStateNetwork,IOPS_275,4233,0.5327281200644212
echoStateNetwork,IOPS_275,4234,0.02062939968487154
echoStateNetwork,IOPS_275,4235,0.8722903328042205
echoStateNetwork,IOPS_275,4236,0.005623144901554911
echoStateNetwork,IOPS_275,4237,0.831011651215484
echoStateNetwork,IOPS_275,4238,0.08306055764615783
echoStateNetwork,IOPS_275,4239,0.3786446824903704
echoStateNetwork,IOPS_275,4240,0.31273165413776494
echoStateNetwork,IOPS_275,4241,0.0031949412971811197
echoStateNetwork,IOPS_275,4242,0.5369955997429435
echoStateNetwork,IOPS_275,4243,0.25586032041704554
echoStateNetwork,IOPS_275,4244,0.007572653328079326
echoStateNetwork,IOPS_275,4245,0.010103123463733876
echoStateNetwork,IOPS_275,4246,0.2306254190467356
echoStateNetwork,IOPS_275,4247,0.04130655879700229
echoStateNetwork,IOPS_275,4248,0.3505005391114865
echoStateNetwork,IOPS_275,4249,0.05927253639697405
echoStateNetwork,IOPS_275,4250,0.42964683699038875
echoStateNetwork,IOPS_275,4251,0.9660492213984709
echoStateNetwork,IOPS_275,4252,0.11460016100424208
echoStateNetwork,IOPS_275,4253,0.8570279417613171
echoStateNetwork,IOPS_275,4254,0.01856639610796018
echoStateNetwork,IOPS_275,4255,0.09340072678434763
echoStateNetwork,IOPS_275,4256,0.17154537074096565
echoStateNetwork,IOPS_275,4257,0.10779928631507985
echoStateNetwork,IOPS_275,4258,0.14973157131442494
echoStateNetwork,IOPS_275,4259,0.08847609836837167
echoStateNetwork,IOPS_275,4260,0.0034919913369737543
echoStateNetwork,IOPS_275,4261,0.005924870281172612
echoStateNetwork,IOPS_275,4262,0.6447928941499141
echoStateNetwork,IOPS_275,4263,0.03842036572902796
echoStateNetwork,IOPS_275,4264,0.16926204108817455
echoStateNetwork,IOPS_275,4265,0.050583178935459716
echoStateNetwork,IOPS_275,4266,0.23434244760516298
echoStateNetwork,IOPS_275,4267,0.08927470624276379
echoStateNetwork,IOPS_275,4268,0.4386566029611606
echoStateNetwork,IOPS_275,4269,0.027194076226229935
echoStateNetwork,IOPS_275,4270,0.12848653145699163
echoStateNetwork,IOPS_275,4271,0.011294458762476478
echoStateNetwork,IOPS_275,4272,0.9165795577090075
echoStateNetwork,IOPS_275,4273,0.4992360741569918
echoStateNetwork,IOPS_275,4274,0.7222832285124119
echoStateNetwork,IOPS_275,4275,0.6736580097013727
echoStateNetwork,IOPS_275,4276,0.055433285091822326
echoStateNetwork,IOPS_275,4277,0.020748618322407486
echoStateNetwork,IOPS_275,4278,0.03220912607509052
echoStateNetwork,IOPS_275,4279,0.00321486478198052
echoStateNetwork,IOPS_275,4280,0.02146550021601623
echoStateNetwork,IOPS_275,4281,9.056644604599207e-06
echoStateNetwork,IOPS_275,4282,0.03403630322863138
echoStateNetwork,IOPS_275,4283,0.35329871039785443
echoStateNetwork,IOPS_275,4284,0.10342202494565145
echoStateNetwork,IOPS_275,4285,0.2607960104663014
echoStateNetwork,IOPS_275,4286,0.055795424374491365
echoStateNetwork,IOPS_275,4287,0.06577426947710896
echoStateNetwork,IOPS_275,4288,0.14103929325360764
echoStateNetwork,IOPS_275,4289,0.04121443864975083
echoStateNetwork,IOPS_275,4290,0.13620203640335293
echoStateNetwork,IOPS_275,4291,0.021118284949831256
echoStateNetwork,IOPS_275,4292,0.008637363987850644
echoStateNetwork,IOPS_275,4293,0.07667197778589696
echoStateNetwork,IOPS_275,4294,0.4210361447295662
echoStateNetwork,IOPS_275,4295,0.027945468956308117
echoStateNetwork,IOPS_275,4296,0.5099084416194778
echoStateNetwork,IOPS_275,4297,0.04575364881445709
echoStateNetwork,IOPS_275,4298,0.0005098518444057731
echoStateNetwork,IOPS_275,4299,0.0997097989722151
echoStateNetwork,IOPS_275,4300,0.06336831549760946
echoStateNetwork,IOPS_275,4301,0.16303492706094314
echoStateNetwork,IOPS_275,4302,0.2242073014337288
echoStateNetwork,IOPS_275,4303,0.013727446869966298
echoStateNetwork,IOPS_275,4304,0.028051566887832613
echoStateNetwork,IOPS_275,4305,0.2256377349981139
echoStateNetwork,IOPS_275,4306,0.002156337892785465
echoStateNetwork,IOPS_275,4307,0.08562496540326037
echoStateNetwork,IOPS_275,4308,0.0013349800493621666
echoStateNetwork,IOPS_275,4309,0.00017466380815478466
echoStateNetwork,IOPS_275,4310,0.06312656691738272
echoStateNetwork,IOPS_275,4311,0.019010293180107718
echoStateNetwork,IOPS_275,4312,0.022230694682635388
echoStateNetwork,IOPS_275,4313,0.004220729490633901
echoStateNetwork,IOPS_275,4314,0.017693504549527783
echoStateNetwork,IOPS_275,4315,0.007668393371626614
echoStateNetwork,IOPS_275,4316,0.03857023759479117
echoStateNetwork,IOPS_275,4317,0.050344427569516514
echoStateNetwork,IOPS_275,4318,0.15037105347687618
echoStateNetwork,IOPS_275,4319,0.21835603466274456
echoStateNetwork,IOPS_275,4320,0.09204544872846177
echoStateNetwork,IOPS_275,4321,0.000489404041167929
echoStateNetwork,IOPS_275,4322,0.25088695749835577
echoStateNetwork,IOPS_275,4323,0.12742306218329902
echoStateNetwork,IOPS_275,4324,0.1738052127466757
echoStateNetwork,IOPS_275,4325,0.01691507510340773
echoStateNetwork,IOPS_275,4326,0.7198834804907386
echoStateNetwork,IOPS_275,4327,0.6112595530832903
echoStateNetwork,IOPS_275,4328,0.51870762903584
echoStateNetwork,IOPS_275,4329,0.14418662956992045
echoStateNetwork,IOPS_275,4330,0.6548973359953655
echoStateNetwork,IOPS_275,4331,0.056730178563697886
echoStateNetwork,IOPS_275,4332,0.42853693701565454
echoStateNetwork,IOPS_275,4333,0.0879838396784014
echoStateNetwork,IOPS_275,4334,0.2098195091604822
echoStateNetwork,IOPS_275,4335,0.3449206816700835
echoStateNetwork,IOPS_275,4336,0.2609356265501236
echoStateNetwork,IOPS_275,4337,0.12477993977627078
echoStateNetwork,IOPS_275,4338,0.2850440775000225
echoStateNetwork,IOPS_275,4339,0.13240661292889866
echoStateNetwork,IOPS_275,4340,0.03780803021778678
echoStateNetwork,IOPS_275,4341,0.5900741207111182
echoStateNetwork,IOPS_275,4342,0.05043598027955076
echoStateNetwork,IOPS_275,4343,0.067571218228488
echoStateNetwork,IOPS_275,4344,0.46047050142462687
echoStateNetwork,IOPS_275,4345,0.20189003406980321
echoStateNetwork,IOPS_275,4346,0.07063081823188333
echoStateNetwork,IOPS_275,4347,0.0023436262646183703
echoStateNetwork,IOPS_275,4348,0.714436311492816
echoStateNetwork,IOPS_275,4349,0.026292386395713185
echoStateNetwork,IOPS_275,4350,0.8939702864039399
echoStateNetwork,IOPS_275,4351,8.419048175278832e-07
echoStateNetwork,IOPS_275,4352,0.580999718705588
echoStateNetwork,IOPS_275,4353,0.223218536095676
echoStateNetwork,IOPS_275,4354,0.2206415023063255
echoStateNetwork,IOPS_275,4355,0.22513597077215897
echoStateNetwork,IOPS_275,4356,0.9368153627294509
echoStateNetwork,IOPS_275,4357,0.03609658149183437
echoStateNetwork,IOPS_275,4358,0.8414639497568981
echoStateNetwork,IOPS_275,4359,0.11358153794233505
echoStateNetwork,IOPS_275,4360,0.7693979971096243
echoStateNetwork,IOPS_275,4361,0.1694825636604521
echoStateNetwork,IOPS_275,4362,0.3602581006590977
echoStateNetwork,IOPS_275,4363,0.30845705460819206
echoStateNetwork,IOPS_275,4364,0.12434033764047325
echoStateNetwork,IOPS_275,4365,0.2826550399212001
echoStateNetwork,IOPS_275,4366,0.6245671785404452
echoStateNetwork,IOPS_275,4367,0.6992363143951728
echoStateNetwork,IOPS_275,4368,0.01910566515538692
echoStateNetwork,IOPS_275,4369,0.36329730302680774
echoStateNetwork,IOPS_275,4370,0.06358116880407438
echoStateNetwork,IOPS_275,4371,0.08168338720440815
echoStateNetwork,IOPS_275,4372,0.8848153415265521
echoStateNetwork,IOPS_275,4373,0.36580460230063816
echoStateNetwork,IOPS_275,4374,0.18788889989802893
echoStateNetwork,IOPS_275,4375,0.16508454774645465
echoStateNetwork,IOPS_275,4376,0.9087810340352601
echoStateNetwork,IOPS_275,4377,0.08339387153854594
echoStateNetwork,IOPS_275,4378,0.9862888589417308
echoStateNetwork,IOPS_275,4379,0.15477452110302092
echoStateNetwork,IOPS_275,4380,0.41231638692681616
echoStateNetwork,IOPS_275,4381,0.9049981726818652
echoStateNetwork,IOPS_275,4382,0.7266357060282114
echoStateNetwork,IOPS_275,4383,0.5712870934995626
echoStateNetwork,IOPS_275,4384,0.493020113411347
echoStateNetwork,IOPS_275,4385,0.4260487181910404
echoStateNetwork,IOPS_275,4386,0.004523280599613155
echoStateNetwork,IOPS_275,4387,0.47896113453550915
echoStateNetwork,IOPS_275,4388,0.7694845542618426
echoStateNetwork,IOPS_275,4389,0.7441943767802223
echoStateNetwork,IOPS_275,4390,0.0034544437747883183
echoStateNetwork,IOPS_275,4391,0.0009062796846396326
echoStateNetwork,IOPS_275,4392,0.02949874347639847
echoStateNetwork,IOPS_275,4393,0.01185656191429274
echoStateNetwork,IOPS_275,4394,0.7169858347141062
echoStateNetwork,IOPS_275,4395,0.19288767847699928
echoStateNetwork,IOPS_275,4396,0.5127883645906082
echoStateNetwork,IOPS_275,4397,0.2190288350487699
echoStateNetwork,IOPS_275,4398,0.04401564520786183
echoStateNetwork,IOPS_275,4399,0.0009089909237044447
echoStateNetwork,IOPS_275,4400,0.5991282922972272
echoStateNetwork,IOPS_275,4401,0.4951335480636524
echoStateNetwork,IOPS_275,4402,0.006873026716462838
echoStateNetwork,IOPS_275,4403,0.8498310901322602
echoStateNetwork,IOPS_275,4404,0.27703129046279495
echoStateNetwork,IOPS_275,4405,0.5730620868561787
echoStateNetwork,IOPS_275,4406,0.1019812583451506
echoStateNetwork,IOPS_275,4407,0.003765890129898364
echoStateNetwork,IOPS_275,4408,0.165850410339472
echoStateNetwork,IOPS_275,4409,0.021655091199275778
echoStateNetwork,IOPS_275,4410,0.024632458865295748
echoStateNetwork,IOPS_275,4411,0.9244926714786671
echoStateNetwork,IOPS_275,4412,0.4805550110687117
echoStateNetwork,IOPS_275,4413,0.4049950332747011
echoStateNetwork,IOPS_275,4414,0.25253516241373253
echoStateNetwork,IOPS_275,4415,0.0713381721180616
echoStateNetwork,IOPS_275,4416,0.29821442284752364
echoStateNetwork,IOPS_275,4417,0.1772812395448482
echoStateNetwork,IOPS_275,4418,0.11408902956510314
echoStateNetwork,IOPS_275,4419,0.15401168663542852
echoStateNetwork,IOPS_275,4420,0.008444218066097853
echoStateNetwork,IOPS_275,4421,0.2499912387323846
echoStateNetwork,IOPS_275,4422,0.06086332028348562
echoStateNetwork,IOPS_275,4423,0.03169318802366561
echoStateNetwork,IOPS_275,4424,0.010654925789688408
echoStateNetwork,IOPS_275,4425,0.008704773226200335
echoStateNetwork,IOPS_275,4426,0.00376334082279961
echoStateNetwork,IOPS_275,4427,0.4830034213366937
echoStateNetwork,IOPS_275,4428,0.8140600367634119
echoStateNetwork,IOPS_275,4429,0.6302376133576592
echoStateNetwork,IOPS_275,4430,0.013135589401651271
echoStateNetwork,IOPS_275,4431,0.2659063935283821
echoStateNetwork,IOPS_275,4432,0.03501340749264947
echoStateNetwork,IOPS_275,4433,0.9430832106775823
echoStateNetwork,IOPS_275,4434,0.04932382160138482
echoStateNetwork,IOPS_275,4435,0.9296682070284514
echoStateNetwork,IOPS_275,4436,0.11307261389732914
echoStateNetwork,IOPS_275,4437,0.025225698568833943
echoStateNetwork,IOPS_275,4438,0.7654514941689515
echoStateNetwork,IOPS_275,4439,0.47633322864090566
echoStateNetwork,IOPS_275,4440,0.07295898379329302
echoStateNetwork,IOPS_275,4441,0.27479555866799765
echoStateNetwork,IOPS_275,4442,0.5663477359704884
echoStateNetwork,IOPS_275,4443,0.06321842339138395
echoStateNetwork,IOPS_275,4444,0.49430902922591713
echoStateNetwork,IOPS_275,4445,0.1237506517631185
echoStateNetwork,IOPS_275,4446,0.09308850214944042
echoStateNetwork,IOPS_275,4447,0.03195845293158661
echoStateNetwork,IOPS_275,4448,0.09450077267936985
echoStateNetwork,IOPS_275,4449,0.03310389187434615
echoStateNetwork,IOPS_275,4450,0.907330846864302
echoStateNetwork,IOPS_275,4451,0.903775623466669
echoStateNetwork,IOPS_275,4452,0.07075292498227592
echoStateNetwork,IOPS_275,4453,0.32397466320366686
echoStateNetwork,IOPS_275,4454,0.004617834952151845
echoStateNetwork,IOPS_275,4455,0.4368659984204375
echoStateNetwork,IOPS_275,4456,0.03731430338619646
echoStateNetwork,IOPS_275,4457,0.33701563686887726
echoStateNetwork,IOPS_275,4458,0.3002652973137282
echoStateNetwork,IOPS_275,4459,0.15544729383996503
echoStateNetwork,IOPS_275,4460,0.08105078651056252
echoStateNetwork,IOPS_275,4461,0.02073681884655676
echoStateNetwork,IOPS_275,4462,0.3236863850496645
echoStateNetwork,IOPS_275,4463,0.9190553885196708
echoStateNetwork,IOPS_275,4464,0.014750948027627553
echoStateNetwork,IOPS_275,4465,0.3158723293153972
echoStateNetwork,IOPS_275,4466,0.30489363297818006
echoStateNetwork,IOPS_275,4467,0.09681464188572797
echoStateNetwork,IOPS_275,4468,0.03661449927066507
echoStateNetwork,IOPS_275,4469,0.051105605974688606
echoStateNetwork,IOPS_275,4470,0.0828224350458967
echoStateNetwork,IOPS_275,4471,0.000260365858684275
echoStateNetwork,IOPS_275,4472,0.5823864845639641
echoStateNetwork,IOPS_275,4473,0.7630650597262149
echoStateNetwork,IOPS_275,4474,0.322466611741386
echoStateNetwork,IOPS_275,4475,0.18907749915470484
echoStateNetwork,IOPS_275,4476,1.6432342048178228e-06
echoStateNetwork,IOPS_275,4477,0.026565333533303148
echoStateNetwork,IOPS_275,4478,0.0010804155752889288
echoStateNetwork,IOPS_275,4479,0.0016011441631338386
echoStateNetwork,IOPS_275,4480,0.7828804016530211
echoStateNetwork,IOPS_275,4481,0.09301782836441164
echoStateNetwork,IOPS_275,4482,0.8193847581156998
echoStateNetwork,IOPS_275,4483,0.5268515157864366
echoStateNetwork,IOPS_275,4484,0.514463491283053
echoStateNetwork,IOPS_275,4485,0.08576584963410294
echoStateNetwork,IOPS_275,4486,0.40465131418982225
echoStateNetwork,IOPS_275,4487,0.0022368161427960276
echoStateNetwork,IOPS_275,4488,0.023024466764014373
echoStateNetwork,IOPS_275,4489,0.7813991838405253
echoStateNetwork,IOPS_275,4490,0.0707633583222409
echoStateNetwork,IOPS_275,4491,0.6232339742843195
echoStateNetwork,IOPS_275,4492,0.0038110316707014036
echoStateNetwork,IOPS_275,4493,0.04749317576946266
echoStateNetwork,IOPS_275,4494,3.069020994606042e-05
echoStateNetwork,IOPS_275,4495,0.518823160876152
echoStateNetwork,IOPS_275,4496,0.016030069485964082
echoStateNetwork,IOPS_275,4497,0.4559279702211344
echoStateNetwork,IOPS_275,4498,0.04672932121340434
echoStateNetwork,IOPS_275,4499,0.05020753122644095
echoStateNetwork,IOPS_275,4500,0.009714991905852788
echoStateNetwork,IOPS_275,4501,0.20959855820280004
echoStateNetwork,IOPS_275,4502,0.6722368973138835
echoStateNetwork,IOPS_275,4503,0.0004060985168629072
echoStateNetwork,IOPS_275,4504,0.8699440714424614
echoStateNetwork,IOPS_275,4505,0.07690891111905929
echoStateNetwork,IOPS_275,4506,0.00822469429851247
echoStateNetwork,IOPS_275,4507,0.6233054007099526
echoStateNetwork,IOPS_275,4508,0.23178569498027513
echoStateNetwork,IOPS_275,4509,0.32446088467051326
echoStateNetwork,IOPS_275,4510,0.6553176233301454
echoStateNetwork,IOPS_275,4511,0.4129971979167095
echoStateNetwork,IOPS_275,4512,0.8203457571819993
echoStateNetwork,IOPS_275,4513,0.6525343142220177
echoStateNetwork,IOPS_275,4514,0.3607189416246933
echoStateNetwork,IOPS_275,4515,0.0021380572816614984
echoStateNetwork,IOPS_275,4516,0.056474111777633396
echoStateNetwork,IOPS_275,4517,0.32585916223036326
echoStateNetwork,IOPS_275,4518,0.13933196301751338
echoStateNetwork,IOPS_275,4519,0.34125012882149264
echoStateNetwork,IOPS_275,4520,0.35581852261574454
echoStateNetwork,IOPS_275,4521,0.15792821878598462
echoStateNetwork,IOPS_275,4522,0.5422155695684366
echoStateNetwork,IOPS_275,4523,0.012028419285908476
echoStateNetwork,IOPS_275,4524,0.004008495739018847
echoStateNetwork,IOPS_275,4525,0.14949325012517056
echoStateNetwork,IOPS_275,4526,0.034998855692750075
echoStateNetwork,IOPS_275,4527,0.0007643740217232464
echoStateNetwork,IOPS_275,4528,0.09385483405723927
echoStateNetwork,IOPS_275,4529,0.2576550914229222
echoStateNetwork,IOPS_275,4530,0.26711233034433945
echoStateNetwork,IOPS_275,4531,0.18522662552693858
echoStateNetwork,IOPS_275,4532,0.16349503091470574
echoStateNetwork,IOPS_275,4533,0.27795669801974787
echoStateNetwork,IOPS_275,4534,0.6024209185107687
echoStateNetwork,IOPS_275,4535,0.12456789449964956
echoStateNetwork,IOPS_275,4536,0.38369360772061867
echoStateNetwork,IOPS_275,4537,0.045982424118704346
echoStateNetwork,IOPS_275,4538,0.15062049741990002
echoStateNetwork,IOPS_275,4539,0.1202197828385011
echoStateNetwork,IOPS_275,4540,0.8306161649909909
echoStateNetwork,IOPS_275,4541,0.09999626893463065
echoStateNetwork,IOPS_275,4542,0.554689259984749
echoStateNetwork,IOPS_275,4543,0.11104775974503756
echoStateNetwork,IOPS_275,4544,0.027849655623037428
echoStateNetwork,IOPS_275,4545,0.46211758549831616
echoStateNetwork,IOPS_275,4546,0.016826980766521005
echoStateNetwork,IOPS_275,4547,0.40643164988166336
echoStateNetwork,IOPS_275,4548,0.4998741535735437
echoStateNetwork,IOPS_275,4549,0.06262843152338848
echoStateNetwork,IOPS_275,4550,0.2848755469161426
echoStateNetwork,IOPS_275,4551,0.735048803311425
echoStateNetwork,IOPS_275,4552,0.15426698576883813
echoStateNetwork,IOPS_275,4553,0.6567719344893521
echoStateNetwork,IOPS_275,4554,0.6531512394498944
echoStateNetwork,IOPS_275,4555,0.44087759281216155
echoStateNetwork,IOPS_275,4556,0.07729305770707218
echoStateNetwork,IOPS_275,4557,0.7035758717123236
echoStateNetwork,IOPS_275,4558,0.17180432472527973
echoStateNetwork,IOPS_275,4559,0.025048880295321152
echoStateNetwork,IOPS_275,4560,0.4225867455633543
echoStateNetwork,IOPS_275,4561,0.3146620550945384
echoStateNetwork,IOPS_275,4562,0.9384408497299985
echoStateNetwork,IOPS_275,4563,0.5427347606311366
echoStateNetwork,IOPS_275,4564,0.22925049030189315
echoStateNetwork,IOPS_275,4565,0.012512336014523617
echoStateNetwork,IOPS_275,4566,0.2224761403257478
echoStateNetwork,IOPS_275,4567,0.21679153001978657
echoStateNetwork,IOPS_275,4568,0.05405015113643874
echoStateNetwork,IOPS_275,4569,0.01287133594735168
echoStateNetwork,IOPS_275,4570,0.5537280653207233
echoStateNetwork,IOPS_275,4571,0.5204634885370855
echoStateNetwork,IOPS_275,4572,0.46406410424239997
echoStateNetwork,IOPS_275,4573,0.8415834884348805
echoStateNetwork,IOPS_275,4574,0.017358301773730433
echoStateNetwork,IOPS_275,4575,0.2530213971087728
echoStateNetwork,IOPS_275,4576,0.1171698998427253
echoStateNetwork,IOPS_275,4577,0.10270387349938037
echoStateNetwork,IOPS_275,4578,0.06606074749261681
echoStateNetwork,IOPS_275,4579,0.09396772231790118
echoStateNetwork,IOPS_275,4580,0.0028014907528502997
echoStateNetwork,IOPS_275,4581,0.04457505350196467
echoStateNetwork,IOPS_275,4582,0.9243053859982833
echoStateNetwork,IOPS_275,4583,0.025558940882936754
echoStateNetwork,IOPS_275,4584,0.9982921115505822
echoStateNetwork,IOPS_275,4585,0.5089647075298804
echoStateNetwork,IOPS_275,4586,0.34679321062069757
echoStateNetwork,IOPS_275,4587,0.27683973508730886
echoStateNetwork,IOPS_275,4588,0.3699246703474002
echoStateNetwork,IOPS_275,4589,0.44527354212944326
echoStateNetwork,IOPS_275,4590,0.3745699305494352
echoStateNetwork,IOPS_275,4591,0.15344292259563175
echoStateNetwork,IOPS_275,4592,0.4121127032743098
echoStateNetwork,IOPS_275,4593,0.19480508724607093
echoStateNetwork,IOPS_275,4594,0.022813886313946652
echoStateNetwork,IOPS_275,4595,0.12914846879296404
echoStateNetwork,IOPS_275,4596,0.00021428234090259402
echoStateNetwork,IOPS_275,4597,0.07385068013199358
echoStateNetwork,IOPS_275,4598,0.30877761200383147
echoStateNetwork,IOPS_275,4599,0.6491034494040453
echoStateNetwork,IOPS_275,4600,0.28474846544102983
echoStateNetwork,IOPS_275,4601,0.20671199218105418
echoStateNetwork,IOPS_275,4602,0.1105714641797867
echoStateNetwork,IOPS_275,4603,0.10029749397804633
echoStateNetwork,IOPS_275,4604,0.7492807426281541
echoStateNetwork,IOPS_275,4605,0.4195385183634853
echoStateNetwork,IOPS_275,4606,0.7485020265374199
echoStateNetwork,IOPS_275,4607,0.36837837269351625
echoStateNetwork,IOPS_275,4608,0.05651264897768493
echoStateNetwork,IOPS_275,4609,0.5507723231982457
echoStateNetwork,IOPS_275,4610,0.03439151791582362
echoStateNetwork,IOPS_275,4611,0.6562514984672627
echoStateNetwork,IOPS_275,4612,0.08079474345106985
echoStateNetwork,IOPS_275,4613,0.6176249978271771
echoStateNetwork,IOPS_275,4614,0.013477009261745332
echoStateNetwork,IOPS_275,4615,0.0012875185303670156
echoStateNetwork,IOPS_275,4616,0.49689509163332013
echoStateNetwork,IOPS_275,4617,0.10466917405618803
echoStateNetwork,IOPS_275,4618,0.010211348177888824
echoStateNetwork,IOPS_275,4619,0.13600501023006717
echoStateNetwork,IOPS_275,4620,0.4064509288530137
echoStateNetwork,IOPS_275,4621,0.7084159532793859
echoStateNetwork,IOPS_275,4622,0.4635211052654815
echoStateNetwork,IOPS_275,4623,0.5030213716057211
echoStateNetwork,IOPS_275,4624,0.014973212447213502
echoStateNetwork,IOPS_275,4625,0.20057976930201926
echoStateNetwork,IOPS_275,4626,0.3726548148477766
echoStateNetwork,IOPS_275,4627,0.556001699796817
echoStateNetwork,IOPS_275,4628,0.2717221627860865
echoStateNetwork,IOPS_275,4629,0.6433116156375169
echoStateNetwork,IOPS_275,4630,0.004790499658088421
echoStateNetwork,IOPS_275,4631,0.07799294468057016
echoStateNetwork,IOPS_275,4632,0.016654413938047452
echoStateNetwork,IOPS_275,4633,0.03971012453633571
echoStateNetwork,IOPS_275,4634,0.011099555819261142
echoStateNetwork,IOPS_275,4635,0.018997153702674408
echoStateNetwork,IOPS_275,4636,0.02132535073384656
echoStateNetwork,IOPS_275,4637,0.052596669067719204
echoStateNetwork,IOPS_275,4638,0.4436820685189039
echoStateNetwork,IOPS_275,4639,0.1904091911522805
echoStateNetwork,IOPS_275,4640,0.17629480014635002
echoStateNetwork,IOPS_275,4641,0.12606254728955646
echoStateNetwork,IOPS_275,4642,0.06183633009096767
echoStateNetwork,IOPS_275,4643,0.8301133564768695
echoStateNetwork,IOPS_275,4644,0.03691014583908614
echoStateNetwork,IOPS_275,4645,0.725969462420418
echoStateNetwork,IOPS_275,4646,0.02304767175403466
echoStateNetwork,IOPS_275,4647,0.1318544955832699
echoStateNetwork,IOPS_275,4648,0.04840250323977002
echoStateNetwork,IOPS_275,4649,0.0005812134747413822
echoStateNetwork,IOPS_275,4650,0.31878945872585307
echoStateNetwork,IOPS_275,4651,0.00022180001565219598
echoStateNetwork,IOPS_275,4652,0.11044384519041495
echoStateNetwork,IOPS_275,4653,0.14311351175510356
echoStateNetwork,IOPS_275,4654,0.3525872909897051
echoStateNetwork,IOPS_275,4655,0.0035677133268940953
echoStateNetwork,IOPS_275,4656,0.1591232025045184
echoStateNetwork,IOPS_275,4657,0.3696788181579299
echoStateNetwork,IOPS_275,4658,0.07375174053613742
echoStateNetwork,IOPS_275,4659,0.040386840257366385
echoStateNetwork,IOPS_275,4660,0.0017649659949103835
echoStateNetwork,IOPS_275,4661,0.000501622021659931
echoStateNetwork,IOPS_275,4662,0.1250484164654463
echoStateNetwork,IOPS_275,4663,0.04234436198066738
echoStateNetwork,IOPS_275,4664,0.5871671409993893
echoStateNetwork,IOPS_275,4665,0.8827086335389704
echoStateNetwork,IOPS_275,4666,0.24982453252910275
echoStateNetwork,IOPS_275,4667,0.7254837075797871
echoStateNetwork,IOPS_275,4668,0.17174371931016508
echoStateNetwork,IOPS_275,4669,0.006151328341480022
echoStateNetwork,IOPS_275,4670,0.8463667714224032
echoStateNetwork,IOPS_275,4671,0.006049784725900342
echoStateNetwork,IOPS_275,4672,0.014786764191391799
echoStateNetwork,IOPS_275,4673,0.026330217987334814
echoStateNetwork,IOPS_275,4674,0.5896914049606026
echoStateNetwork,IOPS_275,4675,0.00023909569588087543
echoStateNetwork,IOPS_275,4676,0.10335157203448453
echoStateNetwork,IOPS_275,4677,0.02875168121488747
echoStateNetwork,IOPS_275,4678,0.20421426389989872
echoStateNetwork,IOPS_275,4679,0.09479092872136763
echoStateNetwork,IOPS_275,4680,0.09275000620290774
echoStateNetwork,IOPS_275,4681,0.0688139710123481
echoStateNetwork,IOPS_275,4682,0.00435456606044482
echoStateNetwork,IOPS_275,4683,0.19317145899573185
echoStateNetwork,IOPS_275,4684,0.5262006042318119
echoStateNetwork,IOPS_275,4685,0.2880080596720077
echoStateNetwork,IOPS_275,4686,0.9320656190203674
echoStateNetwork,IOPS_275,4687,0.34309470935285147
echoStateNetwork,IOPS_275,4688,0.9284369021313135
echoStateNetwork,IOPS_275,4689,0.007289307088083508
echoStateNetwork,IOPS_275,4690,0.7095500435369353
echoStateNetwork,IOPS_275,4691,0.29620455574434645
echoStateNetwork,IOPS_275,4692,0.707538072365085
echoStateNetwork,IOPS_275,4693,0.19019286732861895
echoStateNetwork,IOPS_275,4694,0.1415791482428601
echoStateNetwork,IOPS_275,4695,0.04663917529502071
echoStateNetwork,IOPS_275,4696,0.5232149959268678
echoStateNetwork,IOPS_275,4697,0.00024418994867225763
echoStateNetwork,IOPS_275,4698,0.10170481075571947
echoStateNetwork,IOPS_275,4699,0.658546145520174
echoStateNetwork,IOPS_275,4700,0.5500327706641621
echoStateNetwork,IOPS_275,4701,0.09568082641086817
echoStateNetwork,IOPS_275,4702,0.18182557437667224
echoStateNetwork,IOPS_275,4703,0.008114680182498613
echoStateNetwork,IOPS_275,4704,0.1956274074291824
echoStateNetwork,IOPS_275,4705,0.6360650023054217
echoStateNetwork,IOPS_275,4706,0.015998931446964626
echoStateNetwork,IOPS_275,4707,0.7086753349215724
echoStateNetwork,IOPS_275,4708,0.49007954646489527
echoStateNetwork,IOPS_275,4709,0.15496270382935162
echoStateNetwork,IOPS_275,4710,0.609756524683114
echoStateNetwork,IOPS_275,4711,0.2815154655553733
echoStateNetwork,IOPS_275,4712,0.7223776254620522
echoStateNetwork,IOPS_275,4713,0.4933167358356342
echoStateNetwork,IOPS_275,4714,0.8752091188957689
echoStateNetwork,IOPS_275,4715,0.03462956606967926
echoStateNetwork,IOPS_275,4716,0.03024002578135243
echoStateNetwork,IOPS_275,4717,0.01614795168083527
echoStateNetwork,IOPS_275,4718,0.2329823857520229
echoStateNetwork,IOPS_275,4719,0.05680633399633972
echoStateNetwork,IOPS_275,4720,0.19524557115442964
echoStateNetwork,IOPS_275,4721,0.0013444085824121377
echoStateNetwork,IOPS_275,4722,0.6193475745490689
echoStateNetwork,IOPS_275,4723,0.9227374270626567
echoStateNetwork,IOPS_275,4724,0.5776295087028944
echoStateNetwork,IOPS_275,4725,0.3636956877765122
echoStateNetwork,IOPS_275,4726,0.5290377597061856
echoStateNetwork,IOPS_275,4727,0.20717052938546643
echoStateNetwork,IOPS_275,4728,0.009345049390440563
echoStateNetwork,IOPS_275,4729,0.030323218145555164
echoStateNetwork,IOPS_275,4730,0.00635210832841282
echoStateNetwork,IOPS_275,4731,0.07268806773216918
echoStateNetwork,IOPS_275,4732,0.07929254962293919
echoStateNetwork,IOPS_275,4733,0.6129991997839819
echoStateNetwork,IOPS_275,4734,0.11665145066902904
echoStateNetwork,IOPS_275,4735,0.0477887299556512
echoStateNetwork,IOPS_275,4736,0.42189191291627826
echoStateNetwork,IOPS_275,4737,7.595335138566028e-05
echoStateNetwork,IOPS_275,4738,0.5713833518971349
echoStateNetwork,IOPS_275,4739,0.001066212012789447
echoStateNetwork,IOPS_275,4740,0.9786436848638481
echoStateNetwork,IOPS_275,4741,0.013787491472558422
echoStateNetwork,IOPS_275,4742,0.792758273878044
echoStateNetwork,IOPS_275,4743,0.14185853619145627
echoStateNetwork,IOPS_275,4744,0.4661360489440636
echoStateNetwork,IOPS_275,4745,0.6004035248438906
echoStateNetwork,IOPS_275,4746,0.13852613854877283
echoStateNetwork,IOPS_275,4747,0.020271438847019874
echoStateNetwork,IOPS_275,4748,0.17585089773844775
echoStateNetwork,IOPS_275,4749,0.031926655311540486
echoStateNetwork,IOPS_275,4750,0.25951824971410387
echoStateNetwork,IOPS_275,4751,0.5213217841347855
echoStateNetwork,IOPS_275,4752,0.054704341891071206
echoStateNetwork,IOPS_275,4753,0.004952446180138792
echoStateNetwork,IOPS_275,4754,0.6386129988413218
echoStateNetwork,IOPS_275,4755,0.34152744479206676
echoStateNetwork,IOPS_275,4756,0.5445617491760626
echoStateNetwork,IOPS_275,4757,0.2073906291889115
echoStateNetwork,IOPS_275,4758,0.046995763104936805
echoStateNetwork,IOPS_275,4759,0.6525607702869667
echoStateNetwork,IOPS_275,4760,0.6318789163219288
echoStateNetwork,IOPS_275,4761,0.7489608087302453
echoStateNetwork,IOPS_275,4762,0.9257967543472879
echoStateNetwork,IOPS_275,4763,0.020947918911289998
echoStateNetwork,IOPS_275,4764,0.6573560695635661
echoStateNetwork,IOPS_275,4765,0.11295211312344955
echoStateNetwork,IOPS_275,4766,0.12860413110743363
echoStateNetwork,IOPS_275,4767,0.020160703675359715
echoStateNetwork,IOPS_275,4768,0.09468062791968124
echoStateNetwork,IOPS_275,4769,0.20973482546471633
echoStateNetwork,IOPS_275,4770,0.001483421257763351
echoStateNetwork,IOPS_275,4771,0.05069009051923501
echoStateNetwork,IOPS_275,4772,0.7591468283665708
echoStateNetwork,IOPS_275,4773,0.07810173030132328
echoStateNetwork,IOPS_275,4774,0.20121698940308208
echoStateNetwork,IOPS_275,4775,0.009629503399763317
echoStateNetwork,IOPS_275,4776,0.01084776636933682
echoStateNetwork,IOPS_275,4777,0.8689690022547297
echoStateNetwork,IOPS_275,4778,0.5859804348677143
echoStateNetwork,IOPS_275,4779,0.02708209096752079
echoStateNetwork,IOPS_275,4780,0.2136600611258206
echoStateNetwork,IOPS_275,4781,0.5283816830785308
echoStateNetwork,IOPS_275,4782,0.07805617961328126
echoStateNetwork,IOPS_275,4783,0.9449276474342935
echoStateNetwork,IOPS_275,4784,0.9146476676861368
echoStateNetwork,IOPS_275,4785,0.45631814585213415
echoStateNetwork,IOPS_275,4786,0.857726835183653
echoStateNetwork,IOPS_275,4787,0.014446381923066465
echoStateNetwork,IOPS_275,4788,0.11572127631376761
echoStateNetwork,IOPS_275,4789,0.3962923217800922
echoStateNetwork,IOPS_275,4790,0.06022499256615399
echoStateNetwork,IOPS_275,4791,0.34800458007337987
echoStateNetwork,IOPS_275,4792,0.7655675445657985
echoStateNetwork,IOPS_275,4793,0.7813720504272431
echoStateNetwork,IOPS_275,4794,0.0001730266457232732
echoStateNetwork,IOPS_275,4795,0.7604769729841053
echoStateNetwork,IOPS_275,4796,0.11186126770001636
echoStateNetwork,IOPS_275,4797,0.008911593331680123
echoStateNetwork,IOPS_275,4798,0.26428079640929547
echoStateNetwork,IOPS_275,4799,0.4771701756814303
echoStateNetwork,IOPS_275,4800,0.09153540828507212
echoStateNetwork,IOPS_275,4801,0.0015883954382056586
echoStateNetwork,IOPS_275,4802,0.5810406583854075
echoStateNetwork,IOPS_275,4803,0.876528582189088
echoStateNetwork,IOPS_275,4804,0.9213428423469743
echoStateNetwork,IOPS_275,4805,0.8832433242571874
echoStateNetwork,IOPS_275,4806,0.870469467581487
echoStateNetwork,IOPS_275,4807,0.4765016498469926
echoStateNetwork,IOPS_275,4808,0.7885012044317699
echoStateNetwork,IOPS_275,4809,0.3169449274050258
echoStateNetwork,IOPS_275,4810,0.4871510691086719
echoStateNetwork,IOPS_275,4811,0.522371415205616
echoStateNetwork,IOPS_275,4812,0.05864199533836556
echoStateNetwork,IOPS_275,4813,0.19635403422022768
echoStateNetwork,IOPS_275,4814,0.9182178521070631
echoStateNetwork,IOPS_275,4815,0.022641427994781305
echoStateNetwork,IOPS_275,4816,0.9519064849134767
echoStateNetwork,IOPS_275,4817,0.009511788770243612
echoStateNetwork,IOPS_275,4818,0.12882314143152096
echoStateNetwork,IOPS_275,4819,0.2759832320955784
echoStateNetwork,IOPS_275,4820,0.15720078747910504
echoStateNetwork,IOPS_275,4821,0.5362289222109934
echoStateNetwork,IOPS_275,4822,0.18593148247768176
echoStateNetwork,IOPS_275,4823,0.2486239707191018
echoStateNetwork,IOPS_275,4824,0.466798447283171
echoStateNetwork,IOPS_275,4825,0.7058469846004425
echoStateNetwork,IOPS_275,4826,0.8186461518795208
echoStateNetwork,IOPS_275,4827,0.3794426571631455
echoStateNetwork,IOPS_275,4828,0.000741123759389839
echoStateNetwork,IOPS_275,4829,0.31444625245732627
echoStateNetwork,IOPS_275,4830,0.3540390791984248
echoStateNetwork,IOPS_275,4831,0.1722932357839181
echoStateNetwork,IOPS_275,4832,0.6726848425017349
echoStateNetwork,IOPS_275,4833,0.42472117673666376
echoStateNetwork,IOPS_275,4834,0.7693817057483847
echoStateNetwork,IOPS_275,4835,0.04433852006068695
echoStateNetwork,IOPS_275,4836,0.02393013212012629
echoStateNetwork,IOPS_275,4837,0.0057683402126467165
echoStateNetwork,IOPS_275,4838,0.0476765499880375
echoStateNetwork,IOPS_275,4839,0.12642367184996872
echoStateNetwork,IOPS_275,4840,0.12441815397201739
echoStateNetwork,IOPS_275,4841,0.4782215493072154
echoStateNetwork,IOPS_275,4842,0.928315547608626
echoStateNetwork,IOPS_275,4843,0.03062961740513448
echoStateNetwork,IOPS_275,4844,0.8372004914602607
echoStateNetwork,IOPS_275,4845,0.17312137719315723
echoStateNetwork,IOPS_275,4846,0.5439687345820909
echoStateNetwork,IOPS_275,4847,0.01741838148692343
echoStateNetwork,IOPS_275,4848,0.6611739327304578
echoStateNetwork,IOPS_275,4849,0.11442617125518817
echoStateNetwork,IOPS_275,4850,0.10003547311085703
echoStateNetwork,IOPS_275,4851,0.8238434038345974
echoStateNetwork,IOPS_275,4852,0.1720425497120457
echoStateNetwork,IOPS_275,4853,0.011258323737146192
echoStateNetwork,IOPS_275,4854,0.10206646876443659
echoStateNetwork,IOPS_275,4855,0.39533819307950135
echoStateNetwork,IOPS_275,4856,0.269029435038478
echoStateNetwork,IOPS_275,4857,0.5585994016297218
echoStateNetwork,IOPS_275,4858,0.32384157335260233
echoStateNetwork,IOPS_275,4859,0.8778707195620435
echoStateNetwork,IOPS_275,4860,0.450755401582422
echoStateNetwork,IOPS_275,4861,0.4183734920677359
echoStateNetwork,IOPS_275,4862,0.024828800269659057
echoStateNetwork,IOPS_275,4863,0.6803806469026141
echoStateNetwork,IOPS_275,4864,0.22958694856985995
echoStateNetwork,IOPS_275,4865,0.6600904138375482
echoStateNetwork,IOPS_275,4866,0.0857942312140364
echoStateNetwork,IOPS_275,4867,0.8641505479689696
echoStateNetwork,IOPS_275,4868,0.022588223141457142
echoStateNetwork,IOPS_275,4869,0.6599757946796909
echoStateNetwork,IOPS_275,4870,0.41083276666856183
echoStateNetwork,IOPS_275,4871,0.7969592555533405
echoStateNetwork,IOPS_275,4872,0.5078367879819138
echoStateNetwork,IOPS_275,4873,0.8822852991979959
echoStateNetwork,IOPS_275,4874,0.08821130759762907
echoStateNetwork,IOPS_275,4875,0.36627884446131076
echoStateNetwork,IOPS_275,4876,0.5334950817421162
echoStateNetwork,IOPS_275,4877,0.24328479920112567
echoStateNetwork,IOPS_275,4878,0.12185907457296297
echoStateNetwork,IOPS_275,4879,0.18842238172891523
echoStateNetwork,IOPS_275,4880,0.9092774041959616
echoStateNetwork,IOPS_275,4881,0.08174511776220161
echoStateNetwork,IOPS_275,4882,0.34538161812749735
echoStateNetwork,IOPS_275,4883,0.4409594946720773
echoStateNetwork,IOPS_275,4884,0.6137930030375225
echoStateNetwork,IOPS_275,4885,0.23404186882231626
echoStateNetwork,IOPS_275,4886,0.3263671394578064
echoStateNetwork,IOPS_275,4887,0.3129515463442549
echoStateNetwork,IOPS_275,4888,0.7873778466894363
echoStateNetwork,IOPS_275,4889,0.47344041028087946
echoStateNetwork,IOPS_275,4890,0.8015854323927512
echoStateNetwork,IOPS_275,4891,0.23140407141776664
echoStateNetwork,IOPS_275,4892,0.8075053201947598
echoStateNetwork,IOPS_275,4893,0.028926891172391556
echoStateNetwork,IOPS_275,4894,0.763306465230434
echoStateNetwork,IOPS_275,4895,0.0027044324765862493
echoStateNetwork,IOPS_275,4896,0.00538180248663811
echoStateNetwork,IOPS_275,4897,0.3577544033074851
echoStateNetwork,IOPS_275,4898,0.8019209310054563
echoStateNetwork,IOPS_275,4899,0.050573216959397316
echoStateNetwork,IOPS_275,4900,0.5486031259408398
echoStateNetwork,IOPS_275,4901,0.8327075247851042
echoStateNetwork,IOPS_275,4902,0.8063554703983494
echoStateNetwork,IOPS_275,4903,0.3379294642128723
echoStateNetwork,IOPS_275,4904,0.8102804485812218
echoStateNetwork,IOPS_275,4905,0.5779481064531773
echoStateNetwork,IOPS_275,4906,0.09887733560792322
echoStateNetwork,IOPS_275,4907,0.10885046877860194
echoStateNetwork,IOPS_275,4908,0.21486737882121187
echoStateNetwork,IOPS_275,4909,0.38969098342397546
echoStateNetwork,IOPS_275,4910,0.3258860922476894
echoStateNetwork,IOPS_275,4911,0.3322746439881892
echoStateNetwork,IOPS_275,4912,0.005577436965221949
echoStateNetwork,IOPS_275,4913,0.0025249128795972187
echoStateNetwork,IOPS_275,4914,0.39266807308520624
echoStateNetwork,IOPS_275,4915,0.3032714854757391
echoStateNetwork,IOPS_275,4916,0.017952809326331365
echoStateNetwork,IOPS_275,4917,0.032099864914395426
echoStateNetwork,IOPS_275,4918,0.10188403473176955
echoStateNetwork,IOPS_275,4919,0.8523482373104515
echoStateNetwork,IOPS_275,4920,0.8024744936547898
echoStateNetwork,IOPS_275,4921,0.4399080418475684
echoStateNetwork,IOPS_275,4922,0.7947614064143951
echoStateNetwork,IOPS_275,4923,0.46022583510153414
echoStateNetwork,IOPS_275,4924,0.6122447228185706
echoStateNetwork,IOPS_275,4925,0.8046148952121568
echoStateNetwork,IOPS_275,4926,0.5978399151450735
echoStateNetwork,IOPS_275,4927,0.01851585228722774
echoStateNetwork,IOPS_275,4928,0.6540555356261376
echoStateNetwork,IOPS_275,4929,0.6615337996271231
echoStateNetwork,IOPS_275,4930,0.2684254128584873
echoStateNetwork,IOPS_275,4931,0.6596208243976297
echoStateNetwork,IOPS_275,4932,0.43851244274480927
echoStateNetwork,IOPS_275,4933,0.7209654697784459
echoStateNetwork,IOPS_275,4934,0.015141704317190086
echoStateNetwork,IOPS_275,4935,0.4855601061571907
echoStateNetwork,IOPS_275,4936,0.3067699936156917
echoStateNetwork,IOPS_275,4937,0.008156862309615431
echoStateNetwork,IOPS_275,4938,0.0012505691056045043
echoStateNetwork,IOPS_275,4939,0.6047847769000245
echoStateNetwork,IOPS_275,4940,0.0015393184522042302
echoStateNetwork,IOPS_275,4941,0.6171342813987732
echoStateNetwork,IOPS_275,4942,0.2058008889120394
echoStateNetwork,IOPS_275,4943,0.7425645423483017
echoStateNetwork,IOPS_275,4944,0.4333141529983583
echoStateNetwork,IOPS_275,4945,0.14095871567666907
echoStateNetwork,IOPS_275,4946,0.13541622533608388
echoStateNetwork,IOPS_275,4947,0.8648029218238857
echoStateNetwork,IOPS_275,4948,0.25264266167987137
echoStateNetwork,IOPS_275,4949,0.616710857853747
echoStateNetwork,IOPS_275,4950,0.652148124380675
echoStateNetwork,IOPS_275,4951,0.664224927732385
echoStateNetwork,IOPS_275,4952,0.13923458759514307
echoStateNetwork,IOPS_275,4953,0.010270444026034942
echoStateNetwork,IOPS_275,4954,0.5641436623593948
echoStateNetwork,IOPS_275,4955,0.7267380527310975
echoStateNetwork,IOPS_275,4956,0.6063043435053477
echoStateNetwork,IOPS_275,4957,0.6285033232746373
echoStateNetwork,IOPS_275,4958,0.00045059857163842754
echoStateNetwork,IOPS_275,4959,0.002245162645746479
echoStateNetwork,IOPS_275,4960,0.03180938833037639
echoStateNetwork,IOPS_275,4961,0.10483011486201188
echoStateNetwork,IOPS_275,4962,0.08979526537657712
echoStateNetwork,IOPS_275,4963,0.5682086767542722
echoStateNetwork,IOPS_275,4964,0.003767424034106681
echoStateNetwork,IOPS_275,4965,0.2884582082695366
echoStateNetwork,IOPS_275,4966,0.04122670776578041
echoStateNetwork,IOPS_275,4967,0.3948909789563094
echoStateNetwork,IOPS_275,4968,0.3960917597090128
echoStateNetwork,IOPS_275,4969,0.9213823791489757
echoStateNetwork,IOPS_275,4970,0.005798056969918974
echoStateNetwork,IOPS_275,4971,0.3638733726266423
echoStateNetwork,IOPS_275,4972,0.46928969478314764
echoStateNetwork,IOPS_275,4973,0.0720203700922567
echoStateNetwork,IOPS_275,4974,0.3185024332505465
echoStateNetwork,IOPS_275,4975,0.005602247998670817
echoStateNetwork,IOPS_275,4976,0.6243487330202602
echoStateNetwork,IOPS_275,4977,0.32234135266535524
echoStateNetwork,IOPS_275,4978,0.7502977146487049
echoStateNetwork,IOPS_275,4979,0.3707175951693876
echoStateNetwork,IOPS_275,4980,0.006880038504254005
echoStateNetwork,IOPS_275,4981,0.4120034646175116
echoStateNetwork,IOPS_275,4982,0.04680154186251928
echoStateNetwork,IOPS_275,4983,0.01682157690188335
echoStateNetwork,IOPS_275,4984,0.31480874377800316
echoStateNetwork,IOPS_275,4985,0.4278593384139018
echoStateNetwork,IOPS_275,4986,0.01783341966822194
echoStateNetwork,IOPS_275,4987,0.3044685882189495
echoStateNetwork,IOPS_275,4988,0.0011501416407535547
echoStateNetwork,IOPS_275,4989,0.2148317176421296
echoStateNetwork,IOPS_275,4990,0.30547749094225984
echoStateNetwork,IOPS_275,4991,0.9161261142784469
echoStateNetwork,IOPS_275,4992,0.008567840351513922
echoStateNetwork,IOPS_275,4993,0.5512430666831447
echoStateNetwork,IOPS_275,4994,0.0012886761948102121
echoStateNetwork,IOPS_275,4995,0.8336704975841331
echoStateNetwork,IOPS_275,4996,0.12496351107291004
echoStateNetwork,IOPS_275,4997,0.11624402906795284
echoStateNetwork,IOPS_275,4998,0.6720052434112338
echoStateNetwork,IOPS_275,4999,0.06603569804741294
echoStateNetwork,IOPS_275,5000,0.5291924434608264
echoStateNetwork,IOPS_275,5001,0.003140734340070339
echoStateNetwork,IOPS_275,5002,0.1601371512191616
echoStateNetwork,IOPS_275,5003,0.7411710662982947
echoStateNetwork,IOPS_275,5004,0.032201071994033104
echoStateNetwork,IOPS_275,5005,0.35450154316712357
echoStateNetwork,IOPS_275,5006,0.4115838976369576
echoStateNetwork,IOPS_275,5007,0.17085259100928762
echoStateNetwork,IOPS_275,5008,0.15645395198862366
echoStateNetwork,IOPS_275,5009,0.26451804676713964
echoStateNetwork,IOPS_275,5010,0.007274245163129134
echoStateNetwork,IOPS_275,5011,0.061508944986937486
echoStateNetwork,IOPS_275,5012,0.11460851587140619
echoStateNetwork,IOPS_275,5013,0.007365545239651716
echoStateNetwork,IOPS_275,5014,0.17729076629438512
echoStateNetwork,IOPS_275,5015,0.2163895129575416
echoStateNetwork,IOPS_275,5016,0.26036312754515
echoStateNetwork,IOPS_275,5017,0.8117898723870711
echoStateNetwork,IOPS_275,5018,0.0030024650968618616
echoStateNetwork,IOPS_275,5019,0.17095661419740282
echoStateNetwork,IOPS_275,5020,0.20281703197505951
echoStateNetwork,IOPS_275,5021,0.2710592582720608
echoStateNetwork,IOPS_275,5022,0.03525423060364352
echoStateNetwork,IOPS_275,5023,0.10272999171859076
echoStateNetwork,IOPS_275,5024,0.6500645644928824
echoStateNetwork,IOPS_275,5025,0.5340553389219588
echoStateNetwork,IOPS_275,5026,0.44553331209082403
echoStateNetwork,IOPS_275,5027,0.7233098227089718
echoStateNetwork,IOPS_275,5028,0.22974449940533137
echoStateNetwork,IOPS_275,5029,0.36210557919163155
echoStateNetwork,IOPS_275,5030,0.1476819016727745
echoStateNetwork,IOPS_275,5031,0.36749566279102863
echoStateNetwork,IOPS_275,5032,0.0016612251551109125
echoStateNetwork,IOPS_275,5033,0.35820055605986345
echoStateNetwork,IOPS_275,5034,0.025968605196279193
echoStateNetwork,IOPS_275,5035,0.7288899950433619
echoStateNetwork,IOPS_275,5036,0.14660862813471187
echoStateNetwork,IOPS_275,5037,2.3842071878998894e-06
echoStateNetwork,IOPS_275,5038,0.011090232794319865
echoStateNetwork,IOPS_275,5039,0.06564902173213016
echoStateNetwork,IOPS_275,5040,0.3198854969766205
echoStateNetwork,IOPS_275,5041,0.033733006069900595
echoStateNetwork,IOPS_275,5042,0.4439106358041027
echoStateNetwork,IOPS_275,5043,0.7479277664477977
echoStateNetwork,IOPS_275,5044,0.22019738487579676
echoStateNetwork,IOPS_275,5045,0.792880124360354
echoStateNetwork,IOPS_275,5046,0.49552791818617836
echoStateNetwork,IOPS_275,5047,0.06491882364269885
echoStateNetwork,IOPS_275,5048,0.6510383885602917
echoStateNetwork,IOPS_275,5049,0.22131085743055645
echoStateNetwork,IOPS_275,5050,0.685345510532704
echoStateNetwork,IOPS_275,5051,0.4825544241625691
echoStateNetwork,IOPS_275,5052,0.8917680768107513
echoStateNetwork,IOPS_275,5053,0.7057056616224384
echoStateNetwork,IOPS_275,5054,0.5295430810060935
echoStateNetwork,IOPS_275,5055,0.8034096211836886
echoStateNetwork,IOPS_275,5056,0.07218897787164325
echoStateNetwork,IOPS_275,5057,0.6692586945455954
echoStateNetwork,IOPS_275,5058,0.04726734722620762
echoStateNetwork,IOPS_275,5059,0.057508811380421965
echoStateNetwork,IOPS_275,5060,0.0886080704535368
echoStateNetwork,IOPS_275,5061,0.026495233808986884
echoStateNetwork,IOPS_275,5062,0.436673844791436
echoStateNetwork,IOPS_275,5063,0.028641656950106675
echoStateNetwork,IOPS_275,5064,0.2903116353337635
echoStateNetwork,IOPS_275,5065,0.0062103109544831
echoStateNetwork,IOPS_275,5066,0.001687080595904944
echoStateNetwork,IOPS_275,5067,0.27496309048069556
echoStateNetwork,IOPS_275,5068,0.7027213596283809
echoStateNetwork,IOPS_275,5069,0.1052475927681722
echoStateNetwork,IOPS_275,5070,0.21215541947088234
echoStateNetwork,IOPS_275,5071,0.10042465338097573
echoStateNetwork,IOPS_275,5072,0.0008143308542697403
echoStateNetwork,IOPS_275,5073,0.013037196868377676
echoStateNetwork,IOPS_275,5074,0.6423733801261664
echoStateNetwork,IOPS_275,5075,0.5482063036989815
echoStateNetwork,IOPS_275,5076,0.6372315140142311
echoStateNetwork,IOPS_275,5077,0.2009450833946218
echoStateNetwork,IOPS_275,5078,0.24166051237465092
echoStateNetwork,IOPS_275,5079,0.0616475183454519
echoStateNetwork,IOPS_275,5080,0.18480697990470907
echoStateNetwork,IOPS_275,5081,0.18616382928726283
echoStateNetwork,IOPS_275,5082,0.06321993552847016
echoStateNetwork,IOPS_275,5083,0.03787894734977304
echoStateNetwork,IOPS_275,5084,0.37821119922316193
echoStateNetwork,IOPS_275,5085,0.4002960213909351
echoStateNetwork,IOPS_275,5086,0.5082840396437032
echoStateNetwork,IOPS_275,5087,0.5177173241047752
echoStateNetwork,IOPS_275,5088,0.3602223468879563
echoStateNetwork,IOPS_275,5089,0.02616345102614681
echoStateNetwork,IOPS_275,5090,0.46085079996714073
echoStateNetwork,IOPS_275,5091,0.02445370993130047
echoStateNetwork,IOPS_275,5092,0.6700182349799764
echoStateNetwork,IOPS_275,5093,0.40476663458175377
echoStateNetwork,IOPS_275,5094,0.016172258965710173
echoStateNetwork,IOPS_275,5095,0.10323347467550015
echoStateNetwork,IOPS_275,5096,0.27771230531603097
echoStateNetwork,IOPS_275,5097,0.16348348443046834
echoStateNetwork,IOPS_275,5098,0.08849327500508386
echoStateNetwork,IOPS_275,5099,0.07172619155634807
echoStateNetwork,IOPS_275,5100,0.030126363328733308
echoStateNetwork,IOPS_275,5101,0.0005441990586434464
echoStateNetwork,IOPS_275,5102,0.2712582628606268
echoStateNetwork,IOPS_275,5103,0.08006783378743698
echoStateNetwork,IOPS_275,5104,0.12666209725815958
echoStateNetwork,IOPS_275,5105,0.1293037518868515
echoStateNetwork,IOPS_275,5106,0.05269118248928362
echoStateNetwork,IOPS_275,5107,0.9200222564043206
echoStateNetwork,IOPS_275,5108,0.41138276400625107
echoStateNetwork,IOPS_275,5109,0.08480383672915282
echoStateNetwork,IOPS_275,5110,0.3609976306188607
echoStateNetwork,IOPS_275,5111,0.15758528434447527
echoStateNetwork,IOPS_275,5112,0.09358457991186231
echoStateNetwork,IOPS_275,5113,0.578860171191045
echoStateNetwork,IOPS_275,5114,0.8651169059877332
echoStateNetwork,IOPS_275,5115,0.16424442546491558
echoStateNetwork,IOPS_275,5116,0.18093936276487932
echoStateNetwork,IOPS_275,5117,0.04601910752504401
echoStateNetwork,IOPS_275,5118,0.2053226726058307
echoStateNetwork,IOPS_275,5119,0.08587192558225942
echoStateNetwork,IOPS_275,5120,0.0019722299275661825
echoStateNetwork,IOPS_275,5121,0.054825582535645845
echoStateNetwork,IOPS_275,5122,0.0004803914450565161
echoStateNetwork,IOPS_275,5123,0.13592042956726336
echoStateNetwork,IOPS_275,5124,0.038022417646473516
echoStateNetwork,IOPS_275,5125,0.5702208749188071
echoStateNetwork,IOPS_275,5126,0.22307333972099885
echoStateNetwork,IOPS_275,5127,0.6582409268612729
echoStateNetwork,IOPS_275,5128,0.12737495543775545
echoStateNetwork,IOPS_275,5129,0.7198930238234031
echoStateNetwork,IOPS_275,5130,0.16401869106123879
echoStateNetwork,IOPS_275,5131,0.8028033056986796
echoStateNetwork,IOPS_275,5132,0.01726710904882167
echoStateNetwork,IOPS_275,5133,0.31145731086341977
echoStateNetwork,IOPS_275,5134,0.3304366090410058
echoStateNetwork,IOPS_275,5135,0.7349918269083309
echoStateNetwork,IOPS_275,5136,0.10302323489614607
echoStateNetwork,IOPS_275,5137,0.06635867601956125
echoStateNetwork,IOPS_275,5138,0.35342080880988147
echoStateNetwork,IOPS_275,5139,0.11855737493475849
echoStateNetwork,IOPS_275,5140,0.295075537826048
echoStateNetwork,IOPS_275,5141,0.18221160448198026
echoStateNetwork,IOPS_275,5142,0.0677441884126897
echoStateNetwork,IOPS_275,5143,0.03376787342208876
echoStateNetwork,IOPS_275,5144,0.05650863711793952
echoStateNetwork,IOPS_275,5145,0.32609871574140525
echoStateNetwork,IOPS_275,5146,0.00962434961602776
echoStateNetwork,IOPS_275,5147,0.15434862837842123
echoStateNetwork,IOPS_275,5148,0.0018499518781954771
echoStateNetwork,IOPS_275,5149,0.004451162786666241
echoStateNetwork,IOPS_275,5150,0.3164968860850499
echoStateNetwork,IOPS_275,5151,0.0013136771924342483
echoStateNetwork,IOPS_275,5152,0.269981162703959
echoStateNetwork,IOPS_275,5153,0.10190862995617955
echoStateNetwork,IOPS_275,5154,0.2845219071328696
echoStateNetwork,IOPS_275,5155,0.04032387265225379
echoStateNetwork,IOPS_275,5156,0.8385009122200758
echoStateNetwork,IOPS_275,5157,0.2985772579164978
echoStateNetwork,IOPS_275,5158,0.19738306552885476
echoStateNetwork,IOPS_275,5159,0.6457708423780675
echoStateNetwork,IOPS_275,5160,0.26297952120886203
echoStateNetwork,IOPS_275,5161,0.27167515925025876
echoStateNetwork,IOPS_275,5162,0.026833359900393816
echoStateNetwork,IOPS_275,5163,0.04920235600497813
echoStateNetwork,IOPS_275,5164,0.20522790339185315
echoStateNetwork,IOPS_275,5165,0.0756764673325031
echoStateNetwork,IOPS_275,5166,0.8782798392924331
echoStateNetwork,IOPS_275,5167,0.8595594629680872
echoStateNetwork,IOPS_275,5168,0.7102531311687673
echoStateNetwork,IOPS_275,5169,0.10579973384954622
echoStateNetwork,IOPS_275,5170,0.275150026810944
echoStateNetwork,IOPS_275,5171,0.0837583734893711
echoStateNetwork,IOPS_275,5172,0.7308820523164747
echoStateNetwork,IOPS_275,5173,0.7257839760108188
echoStateNetwork,IOPS_275,5174,0.7857065384000834
echoStateNetwork,IOPS_275,5175,0.8787397353655987
echoStateNetwork,IOPS_275,5176,0.12004793489475762
echoStateNetwork,IOPS_275,5177,0.37484834408819256
echoStateNetwork,IOPS_275,5178,0.08752962568537992
echoStateNetwork,IOPS_275,5179,0.20453291221095315
echoStateNetwork,IOPS_275,5180,0.13053480987248145
echoStateNetwork,IOPS_275,5181,0.6177351518925065
echoStateNetwork,IOPS_275,5182,0.1489564109801469
echoStateNetwork,IOPS_275,5183,0.00019667010347512726
echoStateNetwork,IOPS_275,5184,0.0819268883764559
echoStateNetwork,IOPS_275,5185,0.0029967586691985737
echoStateNetwork,IOPS_275,5186,0.23518719968081137
echoStateNetwork,IOPS_275,5187,0.21952718181347208
echoStateNetwork,IOPS_275,5188,0.7688244104702422
echoStateNetwork,IOPS_275,5189,0.542269141555642
echoStateNetwork,IOPS_275,5190,0.5969991169783876
echoStateNetwork,IOPS_275,5191,0.0030315646392744533
echoStateNetwork,IOPS_275,5192,0.36458523306734436
echoStateNetwork,IOPS_275,5193,0.8718060561212999
echoStateNetwork,IOPS_275,5194,0.9889965998393188
echoStateNetwork,IOPS_275,5195,0.4872724272501111
echoStateNetwork,IOPS_275,5196,0.6598319997458901
echoStateNetwork,IOPS_275,5197,0.06266953771898598
echoStateNetwork,IOPS_275,5198,0.8165940214668651
echoStateNetwork,IOPS_275,5199,0.0872315433618348
echoStateNetwork,IOPS_275,5200,0.04236457390957504
echoStateNetwork,IOPS_275,5201,0.4747247237635809
echoStateNetwork,IOPS_275,5202,0.21639438359634466
echoStateNetwork,IOPS_275,5203,0.585758298379389
echoStateNetwork,IOPS_275,5204,0.1564712473167108
echoStateNetwork,IOPS_275,5205,0.006633010759189761
echoStateNetwork,IOPS_275,5206,0.38876745310413885
echoStateNetwork,IOPS_275,5207,0.12687268081823933
echoStateNetwork,IOPS_275,5208,0.5200032995908948
echoStateNetwork,IOPS_275,5209,0.02356148062516017
echoStateNetwork,IOPS_275,5210,0.870137779212495
echoStateNetwork,IOPS_275,5211,0.15208910755020055
echoStateNetwork,IOPS_275,5212,0.5565461559261652
echoStateNetwork,IOPS_275,5213,0.004474509078332467
echoStateNetwork,IOPS_275,5214,0.514031260662495
echoStateNetwork,IOPS_275,5215,0.8216610021330363
echoStateNetwork,IOPS_275,5216,0.1555201467031273
echoStateNetwork,IOPS_275,5217,0.04601372180816321
echoStateNetwork,IOPS_275,5218,0.15354564872812448
echoStateNetwork,IOPS_275,5219,0.037354239480504536
echoStateNetwork,IOPS_275,5220,0.0026193745367946164
echoStateNetwork,IOPS_275,5221,0.008718108137013347
echoStateNetwork,IOPS_275,5222,0.0005715291179251292
echoStateNetwork,IOPS_275,5223,0.22160274365547095
echoStateNetwork,IOPS_275,5224,0.0646491257103291
echoStateNetwork,IOPS_275,5225,0.014498976701845967
echoStateNetwork,IOPS_275,5226,0.2104957243400778
echoStateNetwork,IOPS_275,5227,0.7570314654766673
echoStateNetwork,IOPS_275,5228,0.12799827092161542
echoStateNetwork,IOPS_275,5229,0.7929965370283182
echoStateNetwork,IOPS_275,5230,0.07789995019004237
echoStateNetwork,IOPS_275,5231,0.5621305422897369
echoStateNetwork,IOPS_275,5232,0.172897571318972
echoStateNetwork,IOPS_275,5233,0.44615730737980885
echoStateNetwork,IOPS_275,5234,0.1326192048581627
echoStateNetwork,IOPS_275,5235,0.366214201050051
echoStateNetwork,IOPS_275,5236,0.2819134831345006
echoStateNetwork,IOPS_275,5237,0.26581236457398827
echoStateNetwork,IOPS_275,5238,0.023008446055334142
echoStateNetwork,IOPS_275,5239,2.3571955390266908e-05
echoStateNetwork,IOPS_275,5240,0.005813282740169012
echoStateNetwork,IOPS_275,5241,0.29427586598790345
echoStateNetwork,IOPS_275,5242,0.2496901701580978
echoStateNetwork,IOPS_275,5243,0.02736021567971847
echoStateNetwork,IOPS_275,5244,0.09035553583646094
echoStateNetwork,IOPS_275,5245,3.76664364971635e-05
echoStateNetwork,IOPS_275,5246,0.37768523442073976
echoStateNetwork,IOPS_275,5247,0.021134915638195473
echoStateNetwork,IOPS_275,5248,0.36582598437407077
echoStateNetwork,IOPS_275,5249,0.3242314109515697
echoStateNetwork,IOPS_275,5250,0.227197732111022
echoStateNetwork,IOPS_275,5251,0.3833566662622512
echoStateNetwork,IOPS_275,5252,0.7611515581244599
echoStateNetwork,IOPS_275,5253,0.5936443436892914
echoStateNetwork,IOPS_275,5254,0.5855564169995993
echoStateNetwork,IOPS_275,5255,0.12728503111887113
echoStateNetwork,IOPS_275,5256,0.39138298542980443
echoStateNetwork,IOPS_275,5257,0.2207991086993656
echoStateNetwork,IOPS_275,5258,0.3530808678582118
echoStateNetwork,IOPS_275,5259,0.16661691643380705
echoStateNetwork,IOPS_275,5260,0.18279335615977377
echoStateNetwork,IOPS_275,5261,0.10594101283305013
echoStateNetwork,IOPS_275,5262,0.04985530371017188
echoStateNetwork,IOPS_275,5263,0.24767677346808636
echoStateNetwork,IOPS_275,5264,0.5685406658000423
echoStateNetwork,IOPS_275,5265,0.009160415303988922
echoStateNetwork,IOPS_275,5266,0.22642461078122322
echoStateNetwork,IOPS_275,5267,0.008417048837302432
echoStateNetwork,IOPS_275,5268,0.10949587980409703
echoStateNetwork,IOPS_275,5269,0.021567316116254287
echoStateNetwork,IOPS_275,5270,0.3186597144609088
echoStateNetwork,IOPS_275,5271,0.16590444938400672
echoStateNetwork,IOPS_275,5272,0.00016631390437227278
echoStateNetwork,IOPS_275,5273,0.027138927296079585
echoStateNetwork,IOPS_275,5274,0.3856466000167411
echoStateNetwork,IOPS_275,5275,0.0051898637487654
echoStateNetwork,IOPS_275,5276,0.005390981402386363
echoStateNetwork,IOPS_275,5277,0.03777922312199533
echoStateNetwork,IOPS_275,5278,0.0009731506930912293
echoStateNetwork,IOPS_275,5279,0.7622693310426064
echoStateNetwork,IOPS_275,5280,0.002797653499211239
echoStateNetwork,IOPS_275,5281,0.7851384997092545
echoStateNetwork,IOPS_275,5282,0.4202071315478647
echoStateNetwork,IOPS_275,5283,0.8861251331087091
echoStateNetwork,IOPS_275,5284,0.055504718809643916
echoStateNetwork,IOPS_275,5285,0.7109149086615558
echoStateNetwork,IOPS_275,5286,0.577578541695326
echoStateNetwork,IOPS_275,5287,0.11079092248604339
echoStateNetwork,IOPS_275,5288,0.3191980791416513
echoStateNetwork,IOPS_275,5289,0.14670055649385283
echoStateNetwork,IOPS_275,5290,0.08361043382436872
echoStateNetwork,IOPS_275,5291,0.555912874533189
echoStateNetwork,IOPS_275,5292,0.7153609308670692
echoStateNetwork,IOPS_275,5293,0.20105690317603342
echoStateNetwork,IOPS_275,5294,0.14685089679733754
echoStateNetwork,IOPS_275,5295,0.17588207075886653
echoStateNetwork,IOPS_275,5296,0.03261007114581682
echoStateNetwork,IOPS_275,5297,0.20843928886017093
echoStateNetwork,IOPS_275,5298,0.05411748926118598
echoStateNetwork,IOPS_275,5299,0.2821693085126268
echoStateNetwork,IOPS_275,5300,0.03149056187497312
echoStateNetwork,IOPS_275,5301,0.11827952636650929
echoStateNetwork,IOPS_275,5302,0.6813369451438314
echoStateNetwork,IOPS_275,5303,0.0725311566283996
echoStateNetwork,IOPS_275,5304,0.9755490116867304
echoStateNetwork,IOPS_275,5305,0.9169327333298397
echoStateNetwork,IOPS_275,5306,0.25683049960391
echoStateNetwork,IOPS_275,5307,0.7327575785626353
echoStateNetwork,IOPS_275,5308,0.006758797266832484
echoStateNetwork,IOPS_275,5309,0.15454727941738344
echoStateNetwork,IOPS_275,5310,0.17690962818132783
echoStateNetwork,IOPS_275,5311,0.01609961569591145
echoStateNetwork,IOPS_275,5312,0.36097120389151605
echoStateNetwork,IOPS_275,5313,0.7580809895032445
echoStateNetwork,IOPS_275,5314,0.0733725685329808
echoStateNetwork,IOPS_275,5315,0.7795998007216407
echoStateNetwork,IOPS_275,5316,0.2064005258276732
echoStateNetwork,IOPS_275,5317,7.429493806598853e-05
echoStateNetwork,IOPS_275,5318,0.7062890634796928
echoStateNetwork,IOPS_275,5319,0.009248039813900655
echoStateNetwork,IOPS_275,5320,0.4566148513161984
echoStateNetwork,IOPS_275,5321,0.16005917457908725
echoStateNetwork,IOPS_275,5322,0.2185113004047411
echoStateNetwork,IOPS_275,5323,0.05455332046904271
echoStateNetwork,IOPS_275,5324,0.6307353324794563
echoStateNetwork,IOPS_275,5325,0.0014535234769003091
echoStateNetwork,IOPS_275,5326,0.6820401458068734
echoStateNetwork,IOPS_275,5327,0.06092029200239535
echoStateNetwork,IOPS_275,5328,0.000181900192589457
echoStateNetwork,IOPS_275,5329,0.14863833403084958
echoStateNetwork,IOPS_275,5330,0.0022760877472808305
echoStateNetwork,IOPS_275,5331,0.010601839599534202
echoStateNetwork,IOPS_275,5332,0.25074092979995377
echoStateNetwork,IOPS_275,5333,0.17461324034163284
echoStateNetwork,IOPS_275,5334,0.11523888535158489
echoStateNetwork,IOPS_275,5335,0.056510068662279034
echoStateNetwork,IOPS_275,5336,0.49914900238416526
echoStateNetwork,IOPS_275,5337,0.2135352055883204
echoStateNetwork,IOPS_275,5338,0.9669072858241297
echoStateNetwork,IOPS_275,5339,0.580841392463769
echoStateNetwork,IOPS_275,5340,0.703812818579331
echoStateNetwork,IOPS_275,5341,0.06065018647433329
echoStateNetwork,IOPS_275,5342,0.8359844232367231
echoStateNetwork,IOPS_275,5343,0.1341029185439765
echoStateNetwork,IOPS_275,5344,0.009336662373087168
echoStateNetwork,IOPS_275,5345,0.6210028842000135
echoStateNetwork,IOPS_275,5346,0.4889373526669498
echoStateNetwork,IOPS_275,5347,0.540236138887664
echoStateNetwork,IOPS_275,5348,0.018505837966991567
echoStateNetwork,IOPS_275,5349,0.1082788347435093
echoStateNetwork,IOPS_275,5350,0.2907047799009025
echoStateNetwork,IOPS_275,5351,0.00453912510094312
echoStateNetwork,IOPS_275,5352,0.08801316343800059
echoStateNetwork,IOPS_275,5353,0.04189144693330071
echoStateNetwork,IOPS_275,5354,0.040904783842785175
echoStateNetwork,IOPS_275,5355,0.21439029041477686
echoStateNetwork,IOPS_275,5356,0.563824637489776
echoStateNetwork,IOPS_275,5357,0.4917423420185112
echoStateNetwork,IOPS_275,5358,0.053662954000711305
echoStateNetwork,IOPS_275,5359,0.9006623390821101
echoStateNetwork,IOPS_275,5360,0.32326991431359187
echoStateNetwork,IOPS_275,5361,0.918632443741946
echoStateNetwork,IOPS_275,5362,0.75093822230603
echoStateNetwork,IOPS_275,5363,0.5964994422925389
echoStateNetwork,IOPS_275,5364,0.6802696771228278
echoStateNetwork,IOPS_275,5365,0.4097592723196726
echoStateNetwork,IOPS_275,5366,0.03404426227335933
echoStateNetwork,IOPS_275,5367,0.6364270629203077
echoStateNetwork,IOPS_275,5368,0.0014749186411535664
echoStateNetwork,IOPS_275,5369,0.3202051073043388
echoStateNetwork,IOPS_275,5370,0.10594272442646435
echoStateNetwork,IOPS_275,5371,0.33216989569221844
echoStateNetwork,IOPS_275,5372,0.2617115942802747
echoStateNetwork,IOPS_275,5373,0.08964577421992759
echoStateNetwork,IOPS_275,5374,0.0976043366957342
echoStateNetwork,IOPS_275,5375,0.03601152959062448
echoStateNetwork,IOPS_275,5376,0.49793133255307753
echoStateNetwork,IOPS_275,5377,0.2288047530772932
echoStateNetwork,IOPS_275,5378,0.7299290237577504
echoStateNetwork,IOPS_275,5379,0.4070109581013438
echoStateNetwork,IOPS_275,5380,0.5405247536480922
echoStateNetwork,IOPS_275,5381,0.6029350460634668
echoStateNetwork,IOPS_275,5382,0.10549521266629958
echoStateNetwork,IOPS_275,5383,0.5898370061349214
echoStateNetwork,IOPS_275,5384,0.030414110575210596
echoStateNetwork,IOPS_275,5385,0.4039665964599979
echoStateNetwork,IOPS_275,5386,0.08880427136818048
echoStateNetwork,IOPS_275,5387,0.7394918259185006
echoStateNetwork,IOPS_275,5388,0.07801336544395754
echoStateNetwork,IOPS_275,5389,0.7816145060375076
echoStateNetwork,IOPS_275,5390,0.7076499285184282
echoStateNetwork,IOPS_275,5391,0.39411470079608624
echoStateNetwork,IOPS_275,5392,0.6369232881487135
echoStateNetwork,IOPS_275,5393,0.20411339178689436
echoStateNetwork,IOPS_275,5394,0.06850124495718535
echoStateNetwork,IOPS_275,5395,0.19161484641285653
echoStateNetwork,IOPS_275,5396,0.0050892004696797555
echoStateNetwork,IOPS_275,5397,0.021101966824627394
echoStateNetwork,IOPS_275,5398,0.34379654434360174
echoStateNetwork,IOPS_275,5399,0.15091468619222803
echoStateNetwork,IOPS_275,5400,0.577355115576615
echoStateNetwork,IOPS_275,5401,0.004058472985656314
echoStateNetwork,IOPS_275,5402,0.33121689634277374
echoStateNetwork,IOPS_275,5403,0.31413888720105776
echoStateNetwork,IOPS_275,5404,0.0029988583343472097
echoStateNetwork,IOPS_275,5405,0.129110183094727
echoStateNetwork,IOPS_275,5406,0.016021165390139425
echoStateNetwork,IOPS_275,5407,0.03158143405709557
echoStateNetwork,IOPS_275,5408,0.17922211007647582
echoStateNetwork,IOPS_275,5409,0.6365602085634781
echoStateNetwork,IOPS_275,5410,0.20926972322600312
echoStateNetwork,IOPS_275,5411,0.8734990878823675
echoStateNetwork,IOPS_275,5412,0.5155810719704266
echoStateNetwork,IOPS_275,5413,0.24690789693106696
echoStateNetwork,IOPS_275,5414,0.7139016793982189
echoStateNetwork,IOPS_275,5415,0.03003081778093919
echoStateNetwork,IOPS_275,5416,0.00898385978095162
echoStateNetwork,IOPS_275,5417,0.5567276789622357
echoStateNetwork,IOPS_275,5418,0.10741807807130632
echoStateNetwork,IOPS_275,5419,0.0015717873174296848
echoStateNetwork,IOPS_275,5420,0.007887805268657955
echoStateNetwork,IOPS_275,5421,0.004712687993072118
echoStateNetwork,IOPS_275,5422,0.02893301789909697
echoStateNetwork,IOPS_275,5423,0.02652798897679165
echoStateNetwork,IOPS_275,5424,0.017294238148861663
echoStateNetwork,IOPS_275,5425,0.05482295799911596
echoStateNetwork,IOPS_275,5426,0.0015156063982415535
echoStateNetwork,IOPS_275,5427,0.21535881111797983
echoStateNetwork,IOPS_275,5428,0.0168921001949891
echoStateNetwork,IOPS_275,5429,0.31132618041863636
echoStateNetwork,IOPS_275,5430,0.08553507761029067
echoStateNetwork,IOPS_275,5431,0.6901482342182892
echoStateNetwork,IOPS_275,5432,0.2346103935714976
echoStateNetwork,IOPS_275,5433,0.35494099838537785
echoStateNetwork,IOPS_275,5434,0.03382440283642052
echoStateNetwork,IOPS_275,5435,0.0480594728773025
echoStateNetwork,IOPS_275,5436,0.08543963419990952
echoStateNetwork,IOPS_275,5437,0.01395514921530483
echoStateNetwork,IOPS_275,5438,0.2500408850650241
echoStateNetwork,IOPS_275,5439,0.7582096275425115
echoStateNetwork,IOPS_275,5440,0.06385244709351667
echoStateNetwork,IOPS_275,5441,0.1463056154969361
echoStateNetwork,IOPS_275,5442,0.16790030073852458
echoStateNetwork,IOPS_275,5443,0.22765712932606008
echoStateNetwork,IOPS_275,5444,0.195655361045025
echoStateNetwork,IOPS_275,5445,0.2536580773556417
echoStateNetwork,IOPS_275,5446,0.08983891146136813
echoStateNetwork,IOPS_275,5447,0.44241241332998127
echoStateNetwork,IOPS_275,5448,0.25311684161344083
echoStateNetwork,IOPS_275,5449,0.17720056807954088
echoStateNetwork,IOPS_275,5450,0.21484322557958901
echoStateNetwork,IOPS_275,5451,0.47535814302373036
echoStateNetwork,IOPS_275,5452,0.011075797870433113
echoStateNetwork,IOPS_275,5453,0.4934437788910009
echoStateNetwork,IOPS_275,5454,0.05673089195706127
echoStateNetwork,IOPS_275,5455,0.00252199623959648
echoStateNetwork,IOPS_275,5456,0.2131381243205227
echoStateNetwork,IOPS_275,5457,0.7921625973886021
echoStateNetwork,IOPS_275,5458,0.36230114946403336
echoStateNetwork,IOPS_275,5459,0.43905987467232965
echoStateNetwork,IOPS_275,5460,0.329656411351286
echoStateNetwork,IOPS_275,5461,0.030815403599723123
echoStateNetwork,IOPS_275,5462,0.6848603067620986
echoStateNetwork,IOPS_275,5463,0.29747104555780546
echoStateNetwork,IOPS_275,5464,0.5439790041836801
echoStateNetwork,IOPS_275,5465,0.041933144063233785
echoStateNetwork,IOPS_275,5466,0.747330584886139
echoStateNetwork,IOPS_275,5467,0.2235563267012114
echoStateNetwork,IOPS_275,5468,0.24366970163995205
echoStateNetwork,IOPS_275,5469,0.10159372995820326
echoStateNetwork,IOPS_275,5470,0.004492208819579013
echoStateNetwork,IOPS_275,5471,0.07269073216929933
echoStateNetwork,IOPS_275,5472,0.024175503400089005
echoStateNetwork,IOPS_275,5473,0.6800989675732635
echoStateNetwork,IOPS_275,5474,0.02063319651211626
echoStateNetwork,IOPS_275,5475,0.5303499897969215
echoStateNetwork,IOPS_275,5476,0.5478654475422036
echoStateNetwork,IOPS_275,5477,0.2802126413006888
echoStateNetwork,IOPS_275,5478,0.24413845651467747
echoStateNetwork,IOPS_275,5479,0.8059484320670136
echoStateNetwork,IOPS_275,5480,0.06321401828886664
echoStateNetwork,IOPS_275,5481,0.5172670789032711
echoStateNetwork,IOPS_275,5482,0.08331474605969114
echoStateNetwork,IOPS_275,5483,0.22564124162231536
echoStateNetwork,IOPS_275,5484,0.003044557553723015
echoStateNetwork,IOPS_275,5485,0.006601914631739647
echoStateNetwork,IOPS_275,5486,0.014127803679666817
echoStateNetwork,IOPS_275,5487,0.3300639445626712
echoStateNetwork,IOPS_275,5488,0.30442862640513224
echoStateNetwork,IOPS_275,5489,0.019997887425870053
echoStateNetwork,IOPS_275,5490,0.24691235822798197
echoStateNetwork,IOPS_275,5491,0.670985257148287
echoStateNetwork,IOPS_275,5492,0.003808758287559444
echoStateNetwork,IOPS_275,5493,0.5010457215615335
echoStateNetwork,IOPS_275,5494,0.1377962483363362
echoStateNetwork,IOPS_275,5495,0.5059886731862949
echoStateNetwork,IOPS_275,5496,0.006367417353809635
echoStateNetwork,IOPS_275,5497,0.8943082284932883
echoStateNetwork,IOPS_275,5498,0.43791237137519223
echoStateNetwork,IOPS_275,5499,0.0007510025544920085
echoStateNetwork,IOPS_275,5500,0.7814270606017992
echoStateNetwork,IOPS_275,5501,0.27452364395814854
echoStateNetwork,IOPS_275,5502,0.3742525473902304
echoStateNetwork,IOPS_275,5503,0.025207822283489167
echoStateNetwork,IOPS_275,5504,0.5448370648426741
echoStateNetwork,IOPS_275,5505,0.09464067417223432
echoStateNetwork,IOPS_275,5506,0.33622141224761626
echoStateNetwork,IOPS_275,5507,0.016885974818059868
echoStateNetwork,IOPS_275,5508,0.08341936677536932
echoStateNetwork,IOPS_275,5509,0.02772451747729332
echoStateNetwork,IOPS_275,5510,0.004004359786776712
echoStateNetwork,IOPS_275,5511,0.010987069721847709
echoStateNetwork,IOPS_275,5512,0.16635033821069056
echoStateNetwork,IOPS_275,5513,0.14091305199873827
echoStateNetwork,IOPS_275,5514,0.0137785440279371
echoStateNetwork,IOPS_275,5515,0.4812973407613954
echoStateNetwork,IOPS_275,5516,0.004961871265685369
echoStateNetwork,IOPS_275,5517,0.14856927316865987
echoStateNetwork,IOPS_275,5518,0.15552473036879866
echoStateNetwork,IOPS_275,5519,0.5844687340070317
echoStateNetwork,IOPS_275,5520,0.0312506578469991
echoStateNetwork,IOPS_275,5521,0.014542091754179864
echoStateNetwork,IOPS_275,5522,0.9281589348527401
echoStateNetwork,IOPS_275,5523,0.6119692995325723
echoStateNetwork,IOPS_275,5524,0.717243595233815
echoStateNetwork,IOPS_275,5525,0.09966474957824756
echoStateNetwork,IOPS_275,5526,0.4155668938780257
echoStateNetwork,IOPS_275,5527,0.0022294465359949944
echoStateNetwork,IOPS_275,5528,0.015802695134600087
echoStateNetwork,IOPS_275,5529,0.1859137329915127
echoStateNetwork,IOPS_275,5530,0.014265409751938685
echoStateNetwork,IOPS_275,5531,0.004125112070557546
echoStateNetwork,IOPS_275,5532,0.6327409219388879
echoStateNetwork,IOPS_275,5533,0.019343933636408295
echoStateNetwork,IOPS_275,5534,0.8199117218165166
echoStateNetwork,IOPS_275,5535,0.05175198373912693
echoStateNetwork,IOPS_275,5536,3.898112593081482e-05
echoStateNetwork,IOPS_275,5537,0.2903776246079084
echoStateNetwork,IOPS_275,5538,0.10516379396887054
echoStateNetwork,IOPS_275,5539,0.13807652920251834
echoStateNetwork,IOPS_275,5540,0.02344606694996898
echoStateNetwork,IOPS_275,5541,0.16650117442335366
echoStateNetwork,IOPS_275,5542,0.1590095997446166
echoStateNetwork,IOPS_275,5543,0.3981261090237833
echoStateNetwork,IOPS_275,5544,0.8321452013524653
echoStateNetwork,IOPS_275,5545,0.7619713316000188
echoStateNetwork,IOPS_275,5546,0.7299275270206105
echoStateNetwork,IOPS_275,5547,0.00011540578376911803
echoStateNetwork,IOPS_275,5548,0.10074505235254194
echoStateNetwork,IOPS_275,5549,0.3744548321615526
echoStateNetwork,IOPS_275,5550,0.3065784465850713
echoStateNetwork,IOPS_275,5551,0.5799325626152927
echoStateNetwork,IOPS_275,5552,0.00016832623805040914
echoStateNetwork,IOPS_275,5553,0.24472400733815458
echoStateNetwork,IOPS_275,5554,0.4386192119729613
echoStateNetwork,IOPS_275,5555,0.37257802159014064
echoStateNetwork,IOPS_275,5556,0.27545677197404406
echoStateNetwork,IOPS_275,5557,0.011815497578052558
echoStateNetwork,IOPS_275,5558,0.2659554307393738
echoStateNetwork,IOPS_275,5559,0.33323429129608284
echoStateNetwork,IOPS_275,5560,0.10952687662473948
echoStateNetwork,IOPS_275,5561,0.3257287982007495
echoStateNetwork,IOPS_275,5562,0.006744004822897942
echoStateNetwork,IOPS_275,5563,0.005298022604673824
echoStateNetwork,IOPS_275,5564,0.7536319921688877
echoStateNetwork,IOPS_275,5565,0.7779511368698906
echoStateNetwork,IOPS_275,5566,0.8521868254332098
echoStateNetwork,IOPS_275,5567,0.31117461227660115
echoStateNetwork,IOPS_275,5568,0.035767888444336204
echoStateNetwork,IOPS_275,5569,0.07714405702096605
echoStateNetwork,IOPS_275,5570,0.4523174596538879
echoStateNetwork,IOPS_275,5571,0.07074920669181839
echoStateNetwork,IOPS_275,5572,0.3109711759109566
echoStateNetwork,IOPS_275,5573,0.1769520308260537
echoStateNetwork,IOPS_275,5574,0.010089861477037498
echoStateNetwork,IOPS_275,5575,0.00020249064707222875
echoStateNetwork,IOPS_275,5576,0.016666719914993133
echoStateNetwork,IOPS_275,5577,0.0052637552917743635
echoStateNetwork,IOPS_275,5578,0.01288216863058489
echoStateNetwork,IOPS_275,5579,0.5152255034794511
echoStateNetwork,IOPS_275,5580,0.7760755137616812
echoStateNetwork,IOPS_275,5581,0.0015484134230953073
echoStateNetwork,IOPS_275,5582,0.48463861192265534
echoStateNetwork,IOPS_275,5583,0.6954034216035323
echoStateNetwork,IOPS_275,5584,0.006109751904590066
echoStateNetwork,IOPS_275,5585,0.036347445318229976
echoStateNetwork,IOPS_275,5586,0.2164167369382991
echoStateNetwork,IOPS_275,5587,0.1453375211743747
echoStateNetwork,IOPS_275,5588,0.06182579597667803
echoStateNetwork,IOPS_275,5589,0.07580990597491877
echoStateNetwork,IOPS_275,5590,0.2941170533646681
echoStateNetwork,IOPS_275,5591,0.001467811186516399
echoStateNetwork,IOPS_275,5592,0.1685136224420858
echoStateNetwork,IOPS_275,5593,0.1331047286441953
echoStateNetwork,IOPS_275,5594,0.19737868901761568
echoStateNetwork,IOPS_275,5595,0.16077598944125204
echoStateNetwork,IOPS_275,5596,0.2385344474610952
echoStateNetwork,IOPS_275,5597,0.17525287680609702
echoStateNetwork,IOPS_275,5598,0.13972181562771513
echoStateNetwork,IOPS_275,5599,0.15973607610244034
echoStateNetwork,IOPS_275,5600,0.002572732066838501
echoStateNetwork,IOPS_275,5601,0.6726342547009748
echoStateNetwork,IOPS_275,5602,0.18282957385959198
echoStateNetwork,IOPS_275,5603,0.06495599341596547
echoStateNetwork,IOPS_275,5604,0.6542263840128555
echoStateNetwork,IOPS_275,5605,0.4172410236065287
echoStateNetwork,IOPS_275,5606,0.5008060363204369
echoStateNetwork,IOPS_275,5607,0.07195726208607056
echoStateNetwork,IOPS_275,5608,0.41994589287177864
echoStateNetwork,IOPS_275,5609,0.2180037654496152
echoStateNetwork,IOPS_275,5610,0.46551921263042717
echoStateNetwork,IOPS_275,5611,0.21060992907892884
echoStateNetwork,IOPS_275,5612,0.12999967374874455
echoStateNetwork,IOPS_275,5613,0.1057211112926878
echoStateNetwork,IOPS_275,5614,0.025943241960099894
echoStateNetwork,IOPS_275,5615,0.06285686467178009
echoStateNetwork,IOPS_275,5616,0.2545339543150976
echoStateNetwork,IOPS_275,5617,0.03371686645172578
echoStateNetwork,IOPS_275,5618,0.024325177652303576
echoStateNetwork,IOPS_275,5619,0.13803751094780659
echoStateNetwork,IOPS_275,5620,0.058161053960854914
echoStateNetwork,IOPS_275,5621,0.10781144571934309
echoStateNetwork,IOPS_275,5622,0.139903712407195
echoStateNetwork,IOPS_275,5623,0.21386285183605858
echoStateNetwork,IOPS_275,5624,0.15248360011445028
echoStateNetwork,IOPS_275,5625,0.23169494456423212
echoStateNetwork,IOPS_275,5626,0.7765970442140941
echoStateNetwork,IOPS_275,5627,0.0802602458426841
echoStateNetwork,IOPS_275,5628,0.8511923714906844
echoStateNetwork,IOPS_275,5629,0.08823535992445475
echoStateNetwork,IOPS_275,5630,0.11135050432821647
echoStateNetwork,IOPS_275,5631,0.22792338454090733
echoStateNetwork,IOPS_275,5632,0.0822843385065023
echoStateNetwork,IOPS_275,5633,0.8158781242329567
echoStateNetwork,IOPS_275,5634,0.30724233220522423
echoStateNetwork,IOPS_275,5635,0.7613076277075148
echoStateNetwork,IOPS_275,5636,0.07972186039503815
echoStateNetwork,IOPS_275,5637,0.027292910162698414
echoStateNetwork,IOPS_275,5638,0.38667961380513205
echoStateNetwork,IOPS_275,5639,0.01277662963063797
echoStateNetwork,IOPS_275,5640,0.04061505573892632
echoStateNetwork,IOPS_275,5641,0.08986415403099668
echoStateNetwork,IOPS_275,5642,0.27869281679650604
echoStateNetwork,IOPS_275,5643,0.2572473735448687
echoStateNetwork,IOPS_275,5644,0.011166151492447596
echoStateNetwork,IOPS_275,5645,0.1496705797917839
echoStateNetwork,IOPS_275,5646,0.00730781429270233
echoStateNetwork,IOPS_275,5647,0.3666985697575402
echoStateNetwork,IOPS_275,5648,0.34244235544470036
echoStateNetwork,IOPS_275,5649,0.25481170391780017
echoStateNetwork,IOPS_275,5650,0.009082924530768755
echoStateNetwork,IOPS_275,5651,0.0023333381263938024
echoStateNetwork,IOPS_275,5652,0.007163917621650806
echoStateNetwork,IOPS_275,5653,0.5079596364536461
echoStateNetwork,IOPS_275,5654,0.7198898637801177
echoStateNetwork,IOPS_275,5655,0.30949081117061505
echoStateNetwork,IOPS_275,5656,0.656110597918623
echoStateNetwork,IOPS_275,5657,0.20255739368507464
echoStateNetwork,IOPS_275,5658,0.2418736598199881
echoStateNetwork,IOPS_275,5659,0.31512675220674036
echoStateNetwork,IOPS_275,5660,0.5293331512784099
echoStateNetwork,IOPS_275,5661,0.006603288734721158
echoStateNetwork,IOPS_275,5662,0.30898154752909335
echoStateNetwork,IOPS_275,5663,0.08743177799583945
echoStateNetwork,IOPS_275,5664,0.8181269855718021
echoStateNetwork,IOPS_275,5665,0.0048132258255383364
echoStateNetwork,IOPS_275,5666,0.8390746981539012
echoStateNetwork,IOPS_275,5667,0.7521276947706678
echoStateNetwork,IOPS_275,5668,0.03335101128248941
echoStateNetwork,IOPS_275,5669,0.5810221579678703
echoStateNetwork,IOPS_275,5670,0.3643541933479295
echoStateNetwork,IOPS_275,5671,0.09701126863421339
echoStateNetwork,IOPS_275,5672,0.22997043946055462
echoStateNetwork,IOPS_275,5673,0.21743028261369524
echoStateNetwork,IOPS_275,5674,0.1795369304911525
echoStateNetwork,IOPS_275,5675,0.04618314271149837
echoStateNetwork,IOPS_275,5676,0.40671985507354724
echoStateNetwork,IOPS_275,5677,0.18862773018757473
echoStateNetwork,IOPS_275,5678,0.43247784169557824
echoStateNetwork,IOPS_275,5679,0.3702314124667868
echoStateNetwork,IOPS_275,5680,0.9403831916725827
echoStateNetwork,IOPS_275,5681,0.11720104443369639
echoStateNetwork,IOPS_275,5682,0.4342719064409254
echoStateNetwork,IOPS_275,5683,0.013193370199359622
echoStateNetwork,IOPS_275,5684,0.05507291382869106
echoStateNetwork,IOPS_275,5685,0.0467723803182134
echoStateNetwork,IOPS_275,5686,0.23113521005607518
echoStateNetwork,IOPS_275,5687,0.10272597070193512
echoStateNetwork,IOPS_275,5688,0.6888172676088387
echoStateNetwork,IOPS_275,5689,0.188624028626579
echoStateNetwork,IOPS_275,5690,0.2723057539392385
echoStateNetwork,IOPS_275,5691,4.8490288941938076e-06
echoStateNetwork,IOPS_275,5692,0.08113249785116305
echoStateNetwork,IOPS_275,5693,0.8702925278288183
echoStateNetwork,IOPS_275,5694,0.03586452230371784
echoStateNetwork,IOPS_275,5695,0.18189434464181753
echoStateNetwork,IOPS_275,5696,0.7622900576541994
echoStateNetwork,IOPS_275,5697,0.5044979790437012
echoStateNetwork,IOPS_275,5698,0.9737458132199939
echoStateNetwork,IOPS_275,5699,0.7453230992534927
echoStateNetwork,IOPS_275,5700,0.46192213563629503
echoStateNetwork,IOPS_275,5701,0.33880608907859067
echoStateNetwork,IOPS_275,5702,0.5862464582743987
echoStateNetwork,IOPS_275,5703,0.11124746258778806
echoStateNetwork,IOPS_275,5704,0.11232289455169742
echoStateNetwork,IOPS_275,5705,0.09691488169409579
echoStateNetwork,IOPS_275,5706,0.037609479020961234
echoStateNetwork,IOPS_275,5707,0.35080229768560967
echoStateNetwork,IOPS_275,5708,0.3004967570735019
echoStateNetwork,IOPS_275,5709,0.438247204848767
echoStateNetwork,IOPS_275,5710,0.8818129147952887
echoStateNetwork,IOPS_275,5711,0.960520950898312
echoStateNetwork,IOPS_275,5712,0.19430484378519608
echoStateNetwork,IOPS_275,5713,0.4713800984691283
echoStateNetwork,IOPS_275,5714,0.0013685425664781148
echoStateNetwork,IOPS_275,5715,0.07168315604596787
echoStateNetwork,IOPS_275,5716,0.0017117225422407234
echoStateNetwork,IOPS_275,5717,0.01999444648750759
echoStateNetwork,IOPS_275,5718,0.9261201209309204
echoStateNetwork,IOPS_275,5719,0.08888681413262955
echoStateNetwork,IOPS_275,5720,0.9943253452236054
echoStateNetwork,IOPS_275,5721,0.16402581412074801
echoStateNetwork,IOPS_275,5722,0.3397524435371577
echoStateNetwork,IOPS_275,5723,0.3686497822894622
echoStateNetwork,IOPS_275,5724,0.3121127748303748
echoStateNetwork,IOPS_275,5725,0.34907568067038985
echoStateNetwork,IOPS_275,5726,0.01018165636805346
echoStateNetwork,IOPS_275,5727,0.29212978764852926
echoStateNetwork,IOPS_275,5728,1.8410988505968007e-06
echoStateNetwork,IOPS_275,5729,0.2558245247529187
echoStateNetwork,IOPS_275,5730,0.29052877368331265
echoStateNetwork,IOPS_275,5731,0.03282286526334588
echoStateNetwork,IOPS_275,5732,0.9359290948394831
echoStateNetwork,IOPS_275,5733,0.5307926595543115
echoStateNetwork,IOPS_275,5734,0.7899879873895767
echoStateNetwork,IOPS_275,5735,0.022275210449126837
echoStateNetwork,IOPS_275,5736,0.18059989894495465
echoStateNetwork,IOPS_275,5737,0.05153893758410932
echoStateNetwork,IOPS_275,5738,0.013641453507021173
echoStateNetwork,IOPS_275,5739,0.10292530821492452
echoStateNetwork,IOPS_275,5740,0.38662556907452994
echoStateNetwork,IOPS_275,5741,0.12431530790784884
echoStateNetwork,IOPS_275,5742,0.668599866461596
echoStateNetwork,IOPS_275,5743,0.28256487312151446
echoStateNetwork,IOPS_275,5744,0.06827970433562558
echoStateNetwork,IOPS_275,5745,0.02115556333492019
echoStateNetwork,IOPS_275,5746,0.12956172909778452
echoStateNetwork,IOPS_275,5747,0.192732780833905
echoStateNetwork,IOPS_275,5748,0.3468979287403362
echoStateNetwork,IOPS_275,5749,0.6167193525412487
echoStateNetwork,IOPS_275,5750,0.036818883666188684
echoStateNetwork,IOPS_275,5751,0.30922524160739506
echoStateNetwork,IOPS_275,5752,0.006956776271710541
echoStateNetwork,IOPS_275,5753,0.03976470832623269
echoStateNetwork,IOPS_275,5754,0.639035335232045
echoStateNetwork,IOPS_275,5755,0.027290634696135796
echoStateNetwork,IOPS_275,5756,0.3550029317511988
echoStateNetwork,IOPS_275,5757,0.13080177509557078
echoStateNetwork,IOPS_275,5758,0.0290150631978201
echoStateNetwork,IOPS_275,5759,0.050344632481300056
echoStateNetwork,IOPS_275,5760,0.016658608644903317
echoStateNetwork,IOPS_275,5761,0.021401579285576622
echoStateNetwork,IOPS_275,5762,0.00512784218811746
echoStateNetwork,IOPS_275,5763,0.06494395539595477
echoStateNetwork,IOPS_275,5764,0.1178451980785119
echoStateNetwork,IOPS_275,5765,0.005245772936677384
echoStateNetwork,IOPS_275,5766,0.016813361054736187
echoStateNetwork,IOPS_275,5767,0.018196050539428854
echoStateNetwork,IOPS_275,5768,0.5298927561309625
echoStateNetwork,IOPS_275,5769,0.09562683008078554
echoStateNetwork,IOPS_275,5770,0.8880821055296053
echoStateNetwork,IOPS_275,5771,0.1670344414927516
echoStateNetwork,IOPS_275,5772,0.23565054247044614
echoStateNetwork,IOPS_275,5773,0.5995642849829241
echoStateNetwork,IOPS_275,5774,0.2198862481907815
echoStateNetwork,IOPS_275,5775,0.8511524638853738
echoStateNetwork,IOPS_275,5776,9.052122493469206e-06
echoStateNetwork,IOPS_275,5777,0.07928528288881942
echoStateNetwork,IOPS_275,5778,0.18535293263908625
echoStateNetwork,IOPS_275,5779,0.06413852531635211
echoStateNetwork,IOPS_275,5780,0.003718902516062439
echoStateNetwork,IOPS_275,5781,0.712527401827177
echoStateNetwork,IOPS_275,5782,0.027436619421033703
echoStateNetwork,IOPS_275,5783,0.183224493776183
echoStateNetwork,IOPS_275,5784,0.15579856737171938
echoStateNetwork,IOPS_275,5785,0.04684236703730549
echoStateNetwork,IOPS_275,5786,0.06178254583938492
echoStateNetwork,IOPS_275,5787,0.14343491945366238
echoStateNetwork,IOPS_275,5788,0.44756117894372294
echoStateNetwork,IOPS_275,5789,0.7478121953793628
echoStateNetwork,IOPS_275,5790,0.3129633001563167
echoStateNetwork,IOPS_275,5791,0.46795175078658247
echoStateNetwork,IOPS_275,5792,0.16658251928523626
echoStateNetwork,IOPS_275,5793,0.21931625048952152
echoStateNetwork,IOPS_275,5794,0.10482743212653345
echoStateNetwork,IOPS_275,5795,0.6908541156721832
echoStateNetwork,IOPS_275,5796,0.3664338965302807
echoStateNetwork,IOPS_275,5797,0.8679411345634472
echoStateNetwork,IOPS_275,5798,0.23733915460663502
echoStateNetwork,IOPS_275,5799,0.0021420889247166786
echoStateNetwork,IOPS_275,5800,0.010926097373873622
echoStateNetwork,IOPS_275,5801,0.2226971354618431
echoStateNetwork,IOPS_275,5802,0.04017876494497985
echoStateNetwork,IOPS_275,5803,0.062229484175314154
echoStateNetwork,IOPS_275,5804,0.051368763296529396
echoStateNetwork,IOPS_275,5805,0.009555416396150651
echoStateNetwork,IOPS_275,5806,0.07439348299488802
echoStateNetwork,IOPS_275,5807,0.02573152103527332
echoStateNetwork,IOPS_275,5808,0.7156412660595627
echoStateNetwork,IOPS_275,5809,0.28581568098978327
echoStateNetwork,IOPS_275,5810,0.7704643184674428
echoStateNetwork,IOPS_275,5811,0.46191928308802477
echoStateNetwork,IOPS_275,5812,0.20266286936333677
echoStateNetwork,IOPS_275,5813,0.6160175721046326
echoStateNetwork,IOPS_275,5814,0.34974027760954496
echoStateNetwork,IOPS_275,5815,0.4733454241464241
echoStateNetwork,IOPS_275,5816,0.4455160943842058
echoStateNetwork,IOPS_275,5817,0.43226198461128074
echoStateNetwork,IOPS_275,5818,0.02208673442234943
echoStateNetwork,IOPS_275,5819,0.7809605222053908
echoStateNetwork,IOPS_275,5820,0.0007213435392771084
echoStateNetwork,IOPS_275,5821,0.2996217872058262
echoStateNetwork,IOPS_275,5822,0.8169782020114029
echoStateNetwork,IOPS_275,5823,0.06981550976613249
echoStateNetwork,IOPS_275,5824,0.7165729798330794
echoStateNetwork,IOPS_275,5825,0.02557635143242587
echoStateNetwork,IOPS_275,5826,0.5292091407859848
echoStateNetwork,IOPS_275,5827,0.25693907239450253
echoStateNetwork,IOPS_275,5828,0.6109430780237133
echoStateNetwork,IOPS_275,5829,0.13656510839211733
echoStateNetwork,IOPS_275,5830,0.45968987313614684
echoStateNetwork,IOPS_275,5831,0.48296103261805523
echoStateNetwork,IOPS_275,5832,0.0020245271077405924
echoStateNetwork,IOPS_275,5833,0.5800186586104432
echoStateNetwork,IOPS_275,5834,0.26908062580012826
echoStateNetwork,IOPS_275,5835,0.04924055314584752
echoStateNetwork,IOPS_275,5836,0.6835115445849873
echoStateNetwork,IOPS_275,5837,0.19530849606418133
echoStateNetwork,IOPS_275,5838,0.8181130266194034
echoStateNetwork,IOPS_275,5839,0.3787304390416466
echoStateNetwork,IOPS_275,5840,0.219398514118481
echoStateNetwork,IOPS_275,5841,0.9735274421984543
echoStateNetwork,IOPS_275,5842,0.03273077370794786
echoStateNetwork,IOPS_275,5843,0.9272171621942713
echoStateNetwork,IOPS_275,5844,0.008686805295309408
echoStateNetwork,IOPS_275,5845,0.15700058279905393
echoStateNetwork,IOPS_275,5846,0.06025260714744862
echoStateNetwork,IOPS_275,5847,0.0073826771964821125
echoStateNetwork,IOPS_275,5848,0.006650836884861455
echoStateNetwork,IOPS_275,5849,0.30988777721505134
echoStateNetwork,IOPS_275,5850,0.30669194095237173
echoStateNetwork,IOPS_275,5851,0.7223562653309048
echoStateNetwork,IOPS_275,5852,0.25558778798926696
echoStateNetwork,IOPS_275,5853,0.2633894567309143
echoStateNetwork,IOPS_275,5854,0.23552189441746108
echoStateNetwork,IOPS_275,5855,0.32820837565847083
echoStateNetwork,IOPS_275,5856,0.22006902443822596
echoStateNetwork,IOPS_275,5857,0.03641479907416301
echoStateNetwork,IOPS_275,5858,0.485670549438428
echoStateNetwork,IOPS_275,5859,0.29175819908735956
echoStateNetwork,IOPS_275,5860,0.1783999270865616
echoStateNetwork,IOPS_275,5861,0.30412384327821385
echoStateNetwork,IOPS_275,5862,0.510869542529229
echoStateNetwork,IOPS_275,5863,0.4752906555794836
echoStateNetwork,IOPS_275,5864,0.1887009667399131
echoStateNetwork,IOPS_275,5865,0.12107868380384579
echoStateNetwork,IOPS_275,5866,0.5567995187211061
echoStateNetwork,IOPS_275,5867,0.018398667521047907
echoStateNetwork,IOPS_275,5868,0.6810656702682875
echoStateNetwork,IOPS_275,5869,0.555283826981519
echoStateNetwork,IOPS_275,5870,0.4958479969607925
echoStateNetwork,IOPS_275,5871,0.6633295483171291
echoStateNetwork,IOPS_275,5872,0.04664952471049311
echoStateNetwork,IOPS_275,5873,0.22002092121757277
echoStateNetwork,IOPS_275,5874,0.05965976337061529
echoStateNetwork,IOPS_275,5875,0.01901106475492742
echoStateNetwork,IOPS_275,5876,0.024232672119527066
echoStateNetwork,IOPS_275,5877,0.005547461707862467
echoStateNetwork,IOPS_275,5878,0.0011243984290828513
echoStateNetwork,IOPS_275,5879,0.02492014359368311
echoStateNetwork,IOPS_275,5880,0.030332529466094327
echoStateNetwork,IOPS_275,5881,0.6214491381069782
echoStateNetwork,IOPS_275,5882,0.3175961872064643
echoStateNetwork,IOPS_275,5883,0.6770005817790412
echoStateNetwork,IOPS_275,5884,0.23528060985294996
echoStateNetwork,IOPS_275,5885,0.004755399676843575
echoStateNetwork,IOPS_275,5886,0.15107475733540887
echoStateNetwork,IOPS_275,5887,0.6684960606971607
echoStateNetwork,IOPS_275,5888,0.012072222806619348
echoStateNetwork,IOPS_275,5889,0.3218832407389606
echoStateNetwork,IOPS_275,5890,0.00015204173451865977
echoStateNetwork,IOPS_275,5891,0.5251024760678112
echoStateNetwork,IOPS_275,5892,0.08161618262411896
echoStateNetwork,IOPS_275,5893,0.5646108978321898
echoStateNetwork,IOPS_275,5894,0.2331250124589893
echoStateNetwork,IOPS_275,5895,0.1504136744156277
echoStateNetwork,IOPS_275,5896,0.012244171255672787
echoStateNetwork,IOPS_275,5897,0.21954316367958793
echoStateNetwork,IOPS_275,5898,0.9241528778478797
echoStateNetwork,IOPS_275,5899,0.06553507649860235
echoStateNetwork,IOPS_275,5900,0.7673022367558692
echoStateNetwork,IOPS_275,5901,0.10785795250990826
echoStateNetwork,IOPS_275,5902,0.5118203910880708
echoStateNetwork,IOPS_275,5903,0.35054745528813114
echoStateNetwork,IOPS_275,5904,0.5956683004724888
echoStateNetwork,IOPS_275,5905,0.5257862604646013
echoStateNetwork,IOPS_275,5906,1.8176223848809236e-05
echoStateNetwork,IOPS_275,5907,0.0009604588250353707
echoStateNetwork,IOPS_275,5908,0.7940234346506936
echoStateNetwork,IOPS_275,5909,0.6551516939728571
echoStateNetwork,IOPS_275,5910,0.1475034722554187
echoStateNetwork,IOPS_275,5911,0.44052674476020215
echoStateNetwork,IOPS_275,5912,0.033495851055986736
echoStateNetwork,IOPS_275,5913,0.24035198077245168
echoStateNetwork,IOPS_275,5914,0.12526524462905886
echoStateNetwork,IOPS_275,5915,0.024106923829128046
echoStateNetwork,IOPS_275,5916,0.2698759219799792
echoStateNetwork,IOPS_275,5917,0.00516826496491396
echoStateNetwork,IOPS_275,5918,0.007372678569878333
echoStateNetwork,IOPS_275,5919,0.3497035890219793
echoStateNetwork,IOPS_275,5920,0.41119134964665494
echoStateNetwork,IOPS_275,5921,0.0016203120363406098
echoStateNetwork,IOPS_275,5922,0.8791684717227339
echoStateNetwork,IOPS_275,5923,0.23087394353900104
echoStateNetwork,IOPS_275,5924,0.7665090817517068
echoStateNetwork,IOPS_275,5925,0.5416337185964608
echoStateNetwork,IOPS_275,5926,0.2668678017441909
echoStateNetwork,IOPS_275,5927,0.21659379892122144
echoStateNetwork,IOPS_275,5928,0.08530785115580042
echoStateNetwork,IOPS_275,5929,0.33052825310922285
echoStateNetwork,IOPS_275,5930,0.7273694852790736
echoStateNetwork,IOPS_275,5931,0.21649951227806585
echoStateNetwork,IOPS_275,5932,0.033637552280090244
echoStateNetwork,IOPS_275,5933,0.15819309791894332
echoStateNetwork,IOPS_275,5934,0.10749086030706412
echoStateNetwork,IOPS_275,5935,0.15384228613196438
echoStateNetwork,IOPS_275,5936,0.5790862977073512
echoStateNetwork,IOPS_275,5937,0.017744954738401875
echoStateNetwork,IOPS_275,5938,0.39417288806099904
echoStateNetwork,IOPS_275,5939,0.053860598887418565
echoStateNetwork,IOPS_275,5940,0.41961032191438496
echoStateNetwork,IOPS_275,5941,0.017992312153745083
echoStateNetwork,IOPS_275,5942,0.0035203163058260545
echoStateNetwork,IOPS_275,5943,0.5455048978859132
echoStateNetwork,IOPS_275,5944,0.7422203679401552
echoStateNetwork,IOPS_275,5945,0.32589073766059284
echoStateNetwork,IOPS_275,5946,0.8300292071702867
echoStateNetwork,IOPS_275,5947,0.003239360737752661
echoStateNetwork,IOPS_275,5948,0.01678074242630423
echoStateNetwork,IOPS_275,5949,0.04466995352794856
echoStateNetwork,IOPS_275,5950,0.08735983384998591
echoStateNetwork,IOPS_275,5951,0.33954420237091276
echoStateNetwork,IOPS_275,5952,0.637339793861956
echoStateNetwork,IOPS_275,5953,0.23498406505608138
echoStateNetwork,IOPS_275,5954,0.7341034913920846
echoStateNetwork,IOPS_275,5955,0.656323396353187
echoStateNetwork,IOPS_275,5956,0.014121983245588665
echoStateNetwork,IOPS_275,5957,0.4704940430812148
echoStateNetwork,IOPS_275,5958,0.2957500724490292
echoStateNetwork,IOPS_275,5959,0.28012242812484545
echoStateNetwork,IOPS_275,5960,0.0014977716776903849
echoStateNetwork,IOPS_275,5961,0.43894796911833256
echoStateNetwork,IOPS_275,5962,0.12059742913141291
echoStateNetwork,IOPS_275,5963,0.7612052559225357
echoStateNetwork,IOPS_275,5964,0.01775815368673417
echoStateNetwork,IOPS_275,5965,0.12342722704469089
echoStateNetwork,IOPS_275,5966,0.009739004477669844
echoStateNetwork,IOPS_275,5967,0.1601367085119061
echoStateNetwork,IOPS_275,5968,0.07175788004655903
echoStateNetwork,IOPS_275,5969,0.01085467044463806
echoStateNetwork,IOPS_275,5970,0.07812193763970066
echoStateNetwork,IOPS_275,5971,0.5670749997346802
echoStateNetwork,IOPS_275,5972,0.35587985715265136
echoStateNetwork,IOPS_275,5973,0.21164860494777105
echoStateNetwork,IOPS_275,5974,0.8626809001813691
echoStateNetwork,IOPS_275,5975,0.08624576127780392
echoStateNetwork,IOPS_275,5976,0.7508477766485071
echoStateNetwork,IOPS_275,5977,0.09893342419041062
echoStateNetwork,IOPS_275,5978,0.7630001104547174
echoStateNetwork,IOPS_275,5979,0.10194655524764595
echoStateNetwork,IOPS_275,5980,0.8475458112781902
echoStateNetwork,IOPS_275,5981,0.3247798401254435
echoStateNetwork,IOPS_275,5982,0.7658693677138355
echoStateNetwork,IOPS_275,5983,0.717941010778507
echoStateNetwork,IOPS_275,5984,0.6857661872769798
echoStateNetwork,IOPS_275,5985,0.4179812263329511
echoStateNetwork,IOPS_275,5986,0.6889624924548147
echoStateNetwork,IOPS_275,5987,0.4864378105021363
echoStateNetwork,IOPS_275,5988,0.37039265828467416
echoStateNetwork,IOPS_275,5989,0.07078131950966915
echoStateNetwork,IOPS_275,5990,0.037984907133439716
echoStateNetwork,IOPS_275,5991,0.12516776004448948
echoStateNetwork,IOPS_275,5992,0.0816510962151007
echoStateNetwork,IOPS_275,5993,0.27083331025809865
echoStateNetwork,IOPS_275,5994,0.1960108070920381
echoStateNetwork,IOPS_275,5995,0.6516180237518738
echoStateNetwork,IOPS_275,5996,0.00512118835017894
echoStateNetwork,IOPS_275,5997,0.4930673400660389
echoStateNetwork,IOPS_275,5998,0.18328426021097188
echoStateNetwork,IOPS_275,5999,0.8763161551236407
echoStateNetwork,IOPS_275,6000,0.41144956486280326
echoStateNetwork,IOPS_275,6001,0.810612555121274
echoStateNetwork,IOPS_275,6002,0.9024757983381583
echoStateNetwork,IOPS_275,6003,0.8801292376344287
echoStateNetwork,IOPS_275,6004,0.5353891122861967
echoStateNetwork,IOPS_275,6005,0.5989917388974851
echoStateNetwork,IOPS_275,6006,0.20161614901152813
echoStateNetwork,IOPS_275,6007,0.27499656790694826
echoStateNetwork,IOPS_275,6008,0.308323370603131
echoStateNetwork,IOPS_275,6009,0.2222561801102907
echoStateNetwork,IOPS_275,6010,0.4760755800465867
echoStateNetwork,IOPS_275,6011,0.05261481600728923
echoStateNetwork,IOPS_275,6012,0.0027361865977023614
echoStateNetwork,IOPS_275,6013,0.3238546734956359
echoStateNetwork,IOPS_275,6014,0.5677975831630548
echoStateNetwork,IOPS_275,6015,0.25508862893438644
echoStateNetwork,IOPS_275,6016,0.154672118734548
echoStateNetwork,IOPS_275,6017,0.4996138687124376
echoStateNetwork,IOPS_275,6018,0.04423375229527493
echoStateNetwork,IOPS_275,6019,0.0006939593559074364
echoStateNetwork,IOPS_275,6020,0.7359873324117394
echoStateNetwork,IOPS_275,6021,0.0656907806517587
echoStateNetwork,IOPS_275,6022,0.06236870042619569
echoStateNetwork,IOPS_275,6023,0.6593948312683849
echoStateNetwork,IOPS_275,6024,0.46940022705538886
echoStateNetwork,IOPS_275,6025,0.07648542533665137
echoStateNetwork,IOPS_275,6026,0.19557777012453814
echoStateNetwork,IOPS_275,6027,0.023077122315750875
echoStateNetwork,IOPS_275,6028,0.0353987247390074
echoStateNetwork,IOPS_275,6029,0.1526506637550481
echoStateNetwork,IOPS_275,6030,0.39768124513080483
echoStateNetwork,IOPS_275,6031,0.10198933418172229
echoStateNetwork,IOPS_275,6032,0.004206724696002029
echoStateNetwork,IOPS_275,6033,0.731648441537484
echoStateNetwork,IOPS_275,6034,0.12348034404058705
echoStateNetwork,IOPS_275,6035,0.4017161211508994
echoStateNetwork,IOPS_275,6036,0.41866798133335215
echoStateNetwork,IOPS_275,6037,0.2596428372626872
echoStateNetwork,IOPS_275,6038,0.7564067780114386
echoStateNetwork,IOPS_275,6039,0.7159403179302339
echoStateNetwork,IOPS_275,6040,0.6717570490089123
echoStateNetwork,IOPS_275,6041,0.0034097589997988953
echoStateNetwork,IOPS_275,6042,0.25939603841241266
echoStateNetwork,IOPS_275,6043,0.4040056936545977
echoStateNetwork,IOPS_275,6044,0.34119993325117814
echoStateNetwork,IOPS_275,6045,0.917054069111724
echoStateNetwork,IOPS_275,6046,0.8699115467322144
echoStateNetwork,IOPS_275,6047,0.0441962206946247
echoStateNetwork,IOPS_275,6048,0.7021208033332251
echoStateNetwork,IOPS_275,6049,0.22401630891234914
echoStateNetwork,IOPS_275,6050,0.0013885404634372822
echoStateNetwork,IOPS_275,6051,0.1024793666583057
echoStateNetwork,IOPS_275,6052,0.0022379910876283438
echoStateNetwork,IOPS_275,6053,0.00042568600489212294
echoStateNetwork,IOPS_275,6054,0.04277396012462187
echoStateNetwork,IOPS_275,6055,0.0363692964351382
echoStateNetwork,IOPS_275,6056,0.08588412130083223
echoStateNetwork,IOPS_275,6057,0.06357302889196825
echoStateNetwork,IOPS_275,6058,0.014847206884800901
echoStateNetwork,IOPS_275,6059,0.12431867116127449
echoStateNetwork,IOPS_275,6060,0.012069555480883953
echoStateNetwork,IOPS_275,6061,0.3598016785313667
echoStateNetwork,IOPS_275,6062,0.19427986814024578
echoStateNetwork,IOPS_275,6063,0.00013232996823486776
echoStateNetwork,IOPS_275,6064,0.2051349059902975
echoStateNetwork,IOPS_275,6065,0.9201914760835868
echoStateNetwork,IOPS_275,6066,0.8690485727621322
echoStateNetwork,IOPS_275,6067,0.951300433777737
echoStateNetwork,IOPS_275,6068,0.005721087216508547
echoStateNetwork,IOPS_275,6069,0.12585255164586373
echoStateNetwork,IOPS_275,6070,0.0701997763209139
echoStateNetwork,IOPS_275,6071,0.017880933866738946
echoStateNetwork,IOPS_275,6072,0.0008366801023065307
echoStateNetwork,IOPS_275,6073,0.596153726489049
echoStateNetwork,IOPS_275,6074,0.22023684890942352
echoStateNetwork,IOPS_275,6075,0.20211897358672037
echoStateNetwork,IOPS_275,6076,0.00015610004018817847
echoStateNetwork,IOPS_275,6077,0.6206787939088703
echoStateNetwork,IOPS_275,6078,0.06760668416034976
echoStateNetwork,IOPS_275,6079,0.30888615333333824
echoStateNetwork,IOPS_275,6080,0.009277999210032362
echoStateNetwork,IOPS_275,6081,0.28536616901365075
echoStateNetwork,IOPS_275,6082,0.23459455920918293
echoStateNetwork,IOPS_275,6083,0.13746011359275
echoStateNetwork,IOPS_275,6084,0.17455572150779708
echoStateNetwork,IOPS_275,6085,0.018402831652917118
echoStateNetwork,IOPS_275,6086,0.0047201691533163
echoStateNetwork,IOPS_275,6087,0.3079342037863185
echoStateNetwork,IOPS_275,6088,0.3335788056507414
echoStateNetwork,IOPS_275,6089,0.3442559204786034
echoStateNetwork,IOPS_275,6090,0.41298640459978586
echoStateNetwork,IOPS_275,6091,0.012693767573927262
echoStateNetwork,IOPS_275,6092,0.42806998153625087
echoStateNetwork,IOPS_275,6093,0.008269473414385886
echoStateNetwork,IOPS_275,6094,0.1284129359281002
echoStateNetwork,IOPS_275,6095,0.35765712954766204
echoStateNetwork,IOPS_275,6096,0.4967705829418535
echoStateNetwork,IOPS_275,6097,0.10987318013766767
echoStateNetwork,IOPS_275,6098,0.015798865030349662
echoStateNetwork,IOPS_275,6099,0.5217922576320093
echoStateNetwork,IOPS_275,6100,0.0018632168211100142
echoStateNetwork,IOPS_275,6101,0.4337966163790058
echoStateNetwork,IOPS_275,6102,0.1049204365788523
echoStateNetwork,IOPS_275,6103,0.03454248420803263
echoStateNetwork,IOPS_275,6104,0.05386941577365667
echoStateNetwork,IOPS_275,6105,0.009574738190143983
echoStateNetwork,IOPS_275,6106,0.024072018201844014
echoStateNetwork,IOPS_275,6107,0.08391716667523841
echoStateNetwork,IOPS_275,6108,0.09282460653379054
echoStateNetwork,IOPS_275,6109,0.10683623044301427
echoStateNetwork,IOPS_275,6110,0.13259331229368976
echoStateNetwork,IOPS_275,6111,0.15227243145222513
echoStateNetwork,IOPS_275,6112,0.09839700765046844
echoStateNetwork,IOPS_275,6113,0.0026574650198648575
echoStateNetwork,IOPS_275,6114,0.18896403337618206
echoStateNetwork,IOPS_275,6115,0.005701861518544349
echoStateNetwork,IOPS_275,6116,0.08865788263869445
echoStateNetwork,IOPS_275,6117,0.026166285591658234
echoStateNetwork,IOPS_275,6118,0.8991080639300083
echoStateNetwork,IOPS_275,6119,4.441855177739207e-05
echoStateNetwork,IOPS_275,6120,0.5627251108187001
echoStateNetwork,IOPS_275,6121,0.1851169103163416
echoStateNetwork,IOPS_275,6122,0.0018380391673876728
echoStateNetwork,IOPS_275,6123,0.4363296308104224
echoStateNetwork,IOPS_275,6124,0.04903970199995855
echoStateNetwork,IOPS_275,6125,0.8013837517015159
echoStateNetwork,IOPS_275,6126,0.7974925603504379
echoStateNetwork,IOPS_275,6127,0.34857848396328706
echoStateNetwork,IOPS_275,6128,0.8177155646052485
echoStateNetwork,IOPS_275,6129,0.09411664987804047
echoStateNetwork,IOPS_275,6130,0.36309412508816485
echoStateNetwork,IOPS_275,6131,0.5196540741935578
echoStateNetwork,IOPS_275,6132,0.011789574864742858
echoStateNetwork,IOPS_275,6133,0.2150762476926925
echoStateNetwork,IOPS_275,6134,0.01636346542173106
echoStateNetwork,IOPS_275,6135,0.07125933074384039
echoStateNetwork,IOPS_275,6136,0.006643841421428931
echoStateNetwork,IOPS_275,6137,0.18726190336068171
echoStateNetwork,IOPS_275,6138,0.47406193882573977
echoStateNetwork,IOPS_275,6139,0.029794181582857182
echoStateNetwork,IOPS_275,6140,0.14109147017367119
echoStateNetwork,IOPS_275,6141,0.784440992135609
echoStateNetwork,IOPS_275,6142,0.03384207233584613
echoStateNetwork,IOPS_275,6143,0.31041563067485334
echoStateNetwork,IOPS_275,6144,0.014746190275196192
echoStateNetwork,IOPS_275,6145,0.30189366622224234
echoStateNetwork,IOPS_275,6146,0.017888853668012072
echoStateNetwork,IOPS_275,6147,0.9193521656725098
echoStateNetwork,IOPS_275,6148,0.819963792548456
echoStateNetwork,IOPS_275,6149,0.09328832258928987
echoStateNetwork,IOPS_275,6150,0.8683820046460368
echoStateNetwork,IOPS_275,6151,0.7850247813906476
echoStateNetwork,IOPS_275,6152,0.8856790325114612
echoStateNetwork,IOPS_275,6153,0.8521420142791173
echoStateNetwork,IOPS_275,6154,0.999999999946326
echoStateNetwork,IOPS_275,6155,0.9556562914387272
echoStateNetwork,IOPS_275,6156,0.3992891693528162
echoStateNetwork,IOPS_275,6157,0.9987016896694648
echoStateNetwork,IOPS_275,6158,0.5897185558113416
echoStateNetwork,IOPS_275,6159,0.49315143010727547
echoStateNetwork,IOPS_275,6160,0.8507396582814806
echoStateNetwork,IOPS_275,6161,0.2921886971887936
echoStateNetwork,IOPS_275,6162,0.8048724088896752
echoStateNetwork,IOPS_275,6163,0.7003142420665693
echoStateNetwork,IOPS_275,6164,0.12828133366294203
echoStateNetwork,IOPS_275,6165,0.6883848581671892
echoStateNetwork,IOPS_275,6166,0.17145145793551175
echoStateNetwork,IOPS_275,6167,0.180821106508544
echoStateNetwork,IOPS_275,6168,0.9910313924626376
echoStateNetwork,IOPS_275,6169,0.9647493949775229
echoStateNetwork,IOPS_275,6170,0.7950865229470674
echoStateNetwork,IOPS_275,6171,0.5589728420187771
echoStateNetwork,IOPS_275,6172,0.4364960912498499
echoStateNetwork,IOPS_275,6173,0.7402613942930326
echoStateNetwork,IOPS_275,6174,0.9134615997163953
echoStateNetwork,IOPS_275,6175,0.13060611990750204
echoStateNetwork,IOPS_275,6176,0.999999999959563
echoStateNetwork,IOPS_275,6177,0.01931829926472628
echoStateNetwork,IOPS_275,6178,0.943199220947627
echoStateNetwork,IOPS_275,6179,0.17218062317186045
echoStateNetwork,IOPS_275,6180,0.8972186767139967
echoStateNetwork,IOPS_275,6181,0.14708881841112742
echoStateNetwork,IOPS_275,6182,0.3435577255983955
echoStateNetwork,IOPS_275,6183,0.08420736529324013
echoStateNetwork,IOPS_275,6184,0.022121644013168296
echoStateNetwork,IOPS_275,6185,0.40654953496596835
echoStateNetwork,IOPS_275,6186,0.49211580095693663
echoStateNetwork,IOPS_275,6187,0.6153001037230993
echoStateNetwork,IOPS_275,6188,0.5157977664690452
echoStateNetwork,IOPS_275,6189,0.8600391762618594
echoStateNetwork,IOPS_275,6190,0.6778190541371762
echoStateNetwork,IOPS_275,6191,0.9557823507542458
echoStateNetwork,IOPS_275,6192,0.02626483703153437
echoStateNetwork,IOPS_275,6193,0.3758022687637381
echoStateNetwork,IOPS_275,6194,0.5608206439312093
echoStateNetwork,IOPS_275,6195,0.7469305159387216
echoStateNetwork,IOPS_275,6196,0.0348517622449801
echoStateNetwork,IOPS_275,6197,0.4956433309616721
echoStateNetwork,IOPS_275,6198,0.5985483073927929
echoStateNetwork,IOPS_275,6199,0.29503415868250515
echoStateNetwork,IOPS_275,6200,0.18649098977152667
echoStateNetwork,IOPS_275,6201,0.15724580893627016
echoStateNetwork,IOPS_275,6202,0.12948255901434824
echoStateNetwork,IOPS_275,6203,0.6952137406220245
echoStateNetwork,IOPS_275,6204,0.412164541836345
echoStateNetwork,IOPS_275,6205,0.16991848012446098
echoStateNetwork,IOPS_275,6206,0.010732969041927776
echoStateNetwork,IOPS_275,6207,0.0015877657284693036
echoStateNetwork,IOPS_275,6208,0.2011361403895967
echoStateNetwork,IOPS_275,6209,0.23908792605949158
echoStateNetwork,IOPS_275,6210,0.20921098509816916
echoStateNetwork,IOPS_275,6211,0.36724456317099674
echoStateNetwork,IOPS_275,6212,0.07041388211486488
echoStateNetwork,IOPS_275,6213,0.08446974136644925
echoStateNetwork,IOPS_275,6214,0.005373957868009316
echoStateNetwork,IOPS_275,6215,0.47588579980816936
echoStateNetwork,IOPS_275,6216,0.297447176893043
echoStateNetwork,IOPS_275,6217,0.006433854184310417
echoStateNetwork,IOPS_275,6218,0.04824595659202913
echoStateNetwork,IOPS_275,6219,0.2802675571335146
echoStateNetwork,IOPS_275,6220,0.13762117367653004
echoStateNetwork,IOPS_275,6221,0.2181744075234745
echoStateNetwork,IOPS_275,6222,0.18259966454546717
echoStateNetwork,IOPS_275,6223,7.891398252524162e-06
echoStateNetwork,IOPS_275,6224,0.0023794741023648314
echoStateNetwork,IOPS_275,6225,0.1303671880003715
echoStateNetwork,IOPS_275,6226,0.20558610668963817
echoStateNetwork,IOPS_275,6227,0.09852051407926654
echoStateNetwork,IOPS_275,6228,0.0638266700405189
echoStateNetwork,IOPS_275,6229,0.30098109886330426
echoStateNetwork,IOPS_275,6230,0.030307804260166105
echoStateNetwork,IOPS_275,6231,5.808367134341186e-05
echoStateNetwork,IOPS_275,6232,0.26396545179682696
echoStateNetwork,IOPS_275,6233,0.053694655688327986
echoStateNetwork,IOPS_275,6234,0.04470149225784259
echoStateNetwork,IOPS_275,6235,0.041076238280663424
echoStateNetwork,IOPS_275,6236,0.21357045434782007
echoStateNetwork,IOPS_275,6237,0.1499040484140215
echoStateNetwork,IOPS_275,6238,0.10765819293755696
echoStateNetwork,IOPS_275,6239,0.012952588061560077
echoStateNetwork,IOPS_275,6240,0.2870589121731548
echoStateNetwork,IOPS_275,6241,0.016800950236584677
echoStateNetwork,IOPS_275,6242,0.0018519625922224225
echoStateNetwork,IOPS_275,6243,0.16026906098228322
echoStateNetwork,IOPS_275,6244,0.006208927528580377
echoStateNetwork,IOPS_275,6245,0.08527717285011038
echoStateNetwork,IOPS_275,6246,0.1138244681789069
echoStateNetwork,IOPS_275,6247,0.034089329368130916
echoStateNetwork,IOPS_275,6248,0.043750704014465125
echoStateNetwork,IOPS_275,6249,0.03909248955776745
echoStateNetwork,IOPS_275,6250,0.007222826710098329
echoStateNetwork,IOPS_275,6251,0.2558285694801925
echoStateNetwork,IOPS_275,6252,0.11784473366192483
echoStateNetwork,IOPS_275,6253,0.012348399368624308
echoStateNetwork,IOPS_275,6254,0.5318379642894233
echoStateNetwork,IOPS_275,6255,0.025009151525918427
echoStateNetwork,IOPS_275,6256,0.13445640524117541
echoStateNetwork,IOPS_275,6257,0.0012496188281432286
echoStateNetwork,IOPS_275,6258,0.0915186585990223
echoStateNetwork,IOPS_275,6259,0.18303091163111462
echoStateNetwork,IOPS_275,6260,0.08758991092960866
echoStateNetwork,IOPS_275,6261,0.11027738674683485
echoStateNetwork,IOPS_275,6262,0.12904829655535677
echoStateNetwork,IOPS_275,6263,0.00015557745244976218
echoStateNetwork,IOPS_275,6264,0.09238173783836534
echoStateNetwork,IOPS_275,6265,0.1320603801955197
echoStateNetwork,IOPS_275,6266,0.04292416642512131
echoStateNetwork,IOPS_275,6267,0.014565675296567493
echoStateNetwork,IOPS_275,6268,0.09713291533809021
echoStateNetwork,IOPS_275,6269,0.08217373400907646
echoStateNetwork,IOPS_275,6270,0.26882739538224265
echoStateNetwork,IOPS_275,6271,0.2618823222464427
echoStateNetwork,IOPS_275,6272,0.0022336843537742457
echoStateNetwork,IOPS_275,6273,0.628148808563489
echoStateNetwork,IOPS_275,6274,0.0014922436379628534
echoStateNetwork,IOPS_275,6275,0.02130827099323318
echoStateNetwork,IOPS_275,6276,0.2904819201428993
echoStateNetwork,IOPS_275,6277,0.030778271706964788
echoStateNetwork,IOPS_275,6278,0.00867902868409276
echoStateNetwork,IOPS_275,6279,0.028705002803229185
echoStateNetwork,IOPS_275,6280,0.1489462371904955
echoStateNetwork,IOPS_275,6281,0.01538326755517172
echoStateNetwork,IOPS_275,6282,0.14158276827959704
echoStateNetwork,IOPS_275,6283,0.09362159008900939
echoStateNetwork,IOPS_275,6284,0.12017109675698923
echoStateNetwork,IOPS_275,6285,0.2835011563199836
echoStateNetwork,IOPS_275,6286,0.04398313795486586
echoStateNetwork,IOPS_275,6287,0.00437421847675834
echoStateNetwork,IOPS_275,6288,0.06542756709316477
echoStateNetwork,IOPS_275,6289,0.16767923116092942
echoStateNetwork,IOPS_275,6290,0.0663968772128759
echoStateNetwork,IOPS_275,6291,0.0015009585929484093
echoStateNetwork,IOPS_275,6292,0.6517594908708922
echoStateNetwork,IOPS_275,6293,0.6164047381240635
echoStateNetwork,IOPS_275,6294,0.20336051803239263
echoStateNetwork,IOPS_275,6295,0.2821554189223283
echoStateNetwork,IOPS_275,6296,0.2023483405576897
echoStateNetwork,IOPS_275,6297,0.16238323592988346
echoStateNetwork,IOPS_275,6298,0.35403561019867413
echoStateNetwork,IOPS_275,6299,0.8340299159017034
echoStateNetwork,IOPS_275,6300,0.45994219150265914
echoStateNetwork,IOPS_275,6301,0.1970522010928244
echoStateNetwork,IOPS_275,6302,0.6671071697892368
echoStateNetwork,IOPS_275,6303,0.23063613434554653
echoStateNetwork,IOPS_275,6304,0.6308486438857388
echoStateNetwork,IOPS_275,6305,0.08616487257470018
echoStateNetwork,IOPS_275,6306,0.012928943124359105
echoStateNetwork,IOPS_275,6307,0.006109958480159716
echoStateNetwork,IOPS_275,6308,0.01964831817034529
echoStateNetwork,IOPS_275,6309,0.00037173040252436174
echoStateNetwork,IOPS_275,6310,0.24730708638858356
echoStateNetwork,IOPS_275,6311,0.31807006564215545
echoStateNetwork,IOPS_275,6312,0.13976239633261267
echoStateNetwork,IOPS_275,6313,0.47608107210033446
echoStateNetwork,IOPS_275,6314,0.04799093230313245
echoStateNetwork,IOPS_275,6315,0.262901575525484
echoStateNetwork,IOPS_275,6316,0.12298307535947495
echoStateNetwork,IOPS_275,6317,0.0938899804633847
echoStateNetwork,IOPS_275,6318,0.6828915382102674
echoStateNetwork,IOPS_275,6319,0.0017504148057502222
echoStateNetwork,IOPS_275,6320,0.960756895365382
echoStateNetwork,IOPS_275,6321,0.37282807494832715
echoStateNetwork,IOPS_275,6322,0.6509352858796742
echoStateNetwork,IOPS_275,6323,0.46969365104954475
echoStateNetwork,IOPS_275,6324,0.5735166604254077
echoStateNetwork,IOPS_275,6325,0.42348593908208565
echoStateNetwork,IOPS_275,6326,0.4983983093429961
echoStateNetwork,IOPS_275,6327,0.01781005433933558
echoStateNetwork,IOPS_275,6328,0.18504011044520996
echoStateNetwork,IOPS_275,6329,0.06928325840766325
echoStateNetwork,IOPS_275,6330,0.023899742207195596
echoStateNetwork,IOPS_275,6331,0.017645160071072197
echoStateNetwork,IOPS_275,6332,0.04810116157750266
echoStateNetwork,IOPS_275,6333,0.14317696105792366
echoStateNetwork,IOPS_275,6334,0.1773808848733064
echoStateNetwork,IOPS_275,6335,0.3679803456084778
echoStateNetwork,IOPS_275,6336,0.006087797065768785
echoStateNetwork,IOPS_275,6337,0.23198619148602562
echoStateNetwork,IOPS_275,6338,0.5104868489902912
echoStateNetwork,IOPS_275,6339,0.38199961266040106
echoStateNetwork,IOPS_275,6340,0.8130655043360248
echoStateNetwork,IOPS_275,6341,0.21735548933034954
echoStateNetwork,IOPS_275,6342,0.5760295937276585
echoStateNetwork,IOPS_275,6343,0.7651737660219954
echoStateNetwork,IOPS_275,6344,0.32127256516700553
echoStateNetwork,IOPS_275,6345,0.2932436858525542
echoStateNetwork,IOPS_275,6346,0.6938341961331758
echoStateNetwork,IOPS_275,6347,0.6190520105882944
echoStateNetwork,IOPS_275,6348,0.7310085261424379
echoStateNetwork,IOPS_275,6349,0.3248569880500476
echoStateNetwork,IOPS_275,6350,0.1374802393478446
echoStateNetwork,IOPS_275,6351,0.06302709573398102
echoStateNetwork,IOPS_275,6352,0.2926393225577305
echoStateNetwork,IOPS_275,6353,0.3494039381122561
echoStateNetwork,IOPS_275,6354,0.024868857596846206
echoStateNetwork,IOPS_275,6355,0.7227580552214614
echoStateNetwork,IOPS_275,6356,0.13900193914661962
echoStateNetwork,IOPS_275,6357,0.0001484303424883482
echoStateNetwork,IOPS_275,6358,0.044954823555889645
echoStateNetwork,IOPS_275,6359,0.4355369003102332
echoStateNetwork,IOPS_275,6360,0.11140770372983466
echoStateNetwork,IOPS_275,6361,0.1890912961717074
echoStateNetwork,IOPS_275,6362,0.07054881982296135
echoStateNetwork,IOPS_275,6363,0.10871773341609836
echoStateNetwork,IOPS_275,6364,0.19369882222047874
echoStateNetwork,IOPS_275,6365,0.6672212037156816
echoStateNetwork,IOPS_275,6366,0.2771491376982068
echoStateNetwork,IOPS_275,6367,0.6901117656079179
echoStateNetwork,IOPS_275,6368,0.32058663077663807
echoStateNetwork,IOPS_275,6369,0.8911221077703546
echoStateNetwork,IOPS_275,6370,0.7151948344202759
echoStateNetwork,IOPS_275,6371,0.9876632873413652
echoStateNetwork,IOPS_275,6372,0.5777278866866318
echoStateNetwork,IOPS_275,6373,0.8322930369805723
echoStateNetwork,IOPS_275,6374,0.2169515141590478
echoStateNetwork,IOPS_275,6375,0.0031296563881887396
echoStateNetwork,IOPS_275,6376,0.7307262397283204
echoStateNetwork,IOPS_275,6377,0.08089378889495946
echoStateNetwork,IOPS_275,6378,0.2672059774619411
echoStateNetwork,IOPS_275,6379,0.3278919003449833
echoStateNetwork,IOPS_275,6380,0.3870180962599058
echoStateNetwork,IOPS_275,6381,0.9084001656873335
echoStateNetwork,IOPS_275,6382,0.062453364257068045
echoStateNetwork,IOPS_275,6383,0.013361576778105566
echoStateNetwork,IOPS_275,6384,0.005943476096004985
echoStateNetwork,IOPS_275,6385,0.16203893597724184
echoStateNetwork,IOPS_275,6386,0.4773792202435049
echoStateNetwork,IOPS_275,6387,0.20295557878238168
echoStateNetwork,IOPS_275,6388,0.5570846329620215
echoStateNetwork,IOPS_275,6389,0.0009251519444827272
echoStateNetwork,IOPS_275,6390,0.5783429421057671
echoStateNetwork,IOPS_275,6391,0.08424431927676068
echoStateNetwork,IOPS_275,6392,0.9618139582265837
echoStateNetwork,IOPS_275,6393,0.27012238208839034
echoStateNetwork,IOPS_275,6394,0.32781320962720495
echoStateNetwork,IOPS_275,6395,0.00510479002732378
echoStateNetwork,IOPS_275,6396,0.07508331857112871
echoStateNetwork,IOPS_275,6397,0.4295377934239023
echoStateNetwork,IOPS_275,6398,0.1329654142947625
echoStateNetwork,IOPS_275,6399,0.49966973714680873
echoStateNetwork,IOPS_275,6400,0.10356462412574208
echoStateNetwork,IOPS_275,6401,0.5148122350138644
echoStateNetwork,IOPS_275,6402,0.6206945801096115
echoStateNetwork,IOPS_275,6403,0.9566257536564547
echoStateNetwork,IOPS_275,6404,0.6516988438340788
echoStateNetwork,IOPS_275,6405,0.4235459082952817
echoStateNetwork,IOPS_275,6406,0.28006621173176716
echoStateNetwork,IOPS_275,6407,0.574408001546171
echoStateNetwork,IOPS_275,6408,0.6622848229489203
echoStateNetwork,IOPS_275,6409,0.16533797581198817
echoStateNetwork,IOPS_275,6410,0.01651045418470387
echoStateNetwork,IOPS_275,6411,0.04270528616950098
echoStateNetwork,IOPS_275,6412,0.13065075919382418
echoStateNetwork,IOPS_275,6413,0.4056917590576573
echoStateNetwork,IOPS_275,6414,0.10916552404903279
echoStateNetwork,IOPS_275,6415,0.4754519016983585
echoStateNetwork,IOPS_275,6416,0.017942682123214704
echoStateNetwork,IOPS_275,6417,0.01795047807580097
echoStateNetwork,IOPS_275,6418,0.024973787302639883
echoStateNetwork,IOPS_275,6419,0.23130763927698783
echoStateNetwork,IOPS_275,6420,0.4284769616711702
echoStateNetwork,IOPS_275,6421,0.6397990974527773
echoStateNetwork,IOPS_275,6422,0.20155152119815012
echoStateNetwork,IOPS_275,6423,0.3233106430784609
echoStateNetwork,IOPS_275,6424,0.6354386603475619
echoStateNetwork,IOPS_275,6425,0.25497072750620564
echoStateNetwork,IOPS_275,6426,0.9426389290080699
echoStateNetwork,IOPS_275,6427,0.4219520723479351
echoStateNetwork,IOPS_275,6428,0.18218845077362245
echoStateNetwork,IOPS_275,6429,0.6917217830336
echoStateNetwork,IOPS_275,6430,0.49430794877388917
echoStateNetwork,IOPS_275,6431,0.0005415314922845305
echoStateNetwork,IOPS_275,6432,0.01023258232861557
echoStateNetwork,IOPS_275,6433,0.045092688489737576
echoStateNetwork,IOPS_275,6434,0.5025059385094722
echoStateNetwork,IOPS_275,6435,0.9201021226198024
echoStateNetwork,IOPS_275,6436,0.572598386835245
echoStateNetwork,IOPS_275,6437,0.5929583455758112
echoStateNetwork,IOPS_275,6438,0.004073378500340952
echoStateNetwork,IOPS_275,6439,0.4652287409950824
echoStateNetwork,IOPS_275,6440,0.0031540882947572735
echoStateNetwork,IOPS_275,6441,0.06608503669611332
echoStateNetwork,IOPS_275,6442,0.5350603980020879
echoStateNetwork,IOPS_275,6443,0.9022917584654536
echoStateNetwork,IOPS_275,6444,0.003081371662288279
echoStateNetwork,IOPS_275,6445,0.4319009068058748
echoStateNetwork,IOPS_275,6446,0.136940485005557
echoStateNetwork,IOPS_275,6447,0.7942596063181934
echoStateNetwork,IOPS_275,6448,0.36548674871021525
echoStateNetwork,IOPS_275,6449,0.023410976232141945
echoStateNetwork,IOPS_275,6450,0.41376011785262257
echoStateNetwork,IOPS_275,6451,0.5402604109906202
echoStateNetwork,IOPS_275,6452,0.06479422802412815
echoStateNetwork,IOPS_275,6453,0.08699045349024093
echoStateNetwork,IOPS_275,6454,0.0004793255357542492
echoStateNetwork,IOPS_275,6455,0.19406232447540017
echoStateNetwork,IOPS_275,6456,0.7835611158585539
echoStateNetwork,IOPS_275,6457,0.9756203713385396
echoStateNetwork,IOPS_275,6458,0.9755033459627142
echoStateNetwork,IOPS_275,6459,0.35659935459107683
echoStateNetwork,IOPS_275,6460,0.08074961320361063
echoStateNetwork,IOPS_275,6461,0.696835965766948
echoStateNetwork,IOPS_275,6462,0.004441168532165585
echoStateNetwork,IOPS_275,6463,0.18499398911427123
echoStateNetwork,IOPS_275,6464,0.4475479393357401
echoStateNetwork,IOPS_275,6465,0.46351829657487453
echoStateNetwork,IOPS_275,6466,0.2858091214435323
echoStateNetwork,IOPS_275,6467,0.04855478969403049
echoStateNetwork,IOPS_275,6468,0.6520162857651763
echoStateNetwork,IOPS_275,6469,0.2041848604146731
echoStateNetwork,IOPS_275,6470,0.021129456784417133
echoStateNetwork,IOPS_275,6471,0.0048867463727979565
echoStateNetwork,IOPS_275,6472,0.6722979101978108
echoStateNetwork,IOPS_275,6473,0.1615112859907537
echoStateNetwork,IOPS_275,6474,0.8826575351926433
echoStateNetwork,IOPS_275,6475,0.09090304944065986
echoStateNetwork,IOPS_275,6476,0.5561540388790412
echoStateNetwork,IOPS_275,6477,0.00020999353331030424
echoStateNetwork,IOPS_275,6478,0.6407972353744893
echoStateNetwork,IOPS_275,6479,0.4357483796428603
echoStateNetwork,IOPS_275,6480,0.744670173587338
echoStateNetwork,IOPS_275,6481,0.22499044944934588
echoStateNetwork,IOPS_275,6482,0.19032175470478307
echoStateNetwork,IOPS_275,6483,0.6954046941553877
echoStateNetwork,IOPS_275,6484,0.10250720242112055
echoStateNetwork,IOPS_275,6485,0.44350581882851237
echoStateNetwork,IOPS_275,6486,0.20790656683937203
echoStateNetwork,IOPS_275,6487,0.633299503586763
echoStateNetwork,IOPS_275,6488,0.2086587998749887
echoStateNetwork,IOPS_275,6489,0.2343980077449399
echoStateNetwork,IOPS_275,6490,0.5692167941441819
echoStateNetwork,IOPS_275,6491,0.21382041236523786
echoStateNetwork,IOPS_275,6492,0.46897208459092543
echoStateNetwork,IOPS_275,6493,0.13527616959959177
echoStateNetwork,IOPS_275,6494,0.3068101835738405
echoStateNetwork,IOPS_275,6495,0.7415961457526947
echoStateNetwork,IOPS_275,6496,0.7995238741450155
echoStateNetwork,IOPS_275,6497,0.35107990257941335
echoStateNetwork,IOPS_275,6498,0.34617351243454764
echoStateNetwork,IOPS_275,6499,0.0003616717510259715
echoStateNetwork,IOPS_275,6500,0.3678759503308612
echoStateNetwork,IOPS_275,6501,0.08113114330857651
echoStateNetwork,IOPS_275,6502,0.15370234908123703
echoStateNetwork,IOPS_275,6503,0.3665540041187719
echoStateNetwork,IOPS_275,6504,0.1256548993204949
echoStateNetwork,IOPS_275,6505,0.21517839128685656
echoStateNetwork,IOPS_275,6506,0.02386926243250853
echoStateNetwork,IOPS_275,6507,0.09180904175346305
echoStateNetwork,IOPS_275,6508,0.03634783387796581
echoStateNetwork,IOPS_275,6509,0.2588806172817498
echoStateNetwork,IOPS_275,6510,0.06791092133433396
echoStateNetwork,IOPS_275,6511,0.2850807085538787
echoStateNetwork,IOPS_275,6512,0.013167041939434743
echoStateNetwork,IOPS_275,6513,0.5593970653582784
echoStateNetwork,IOPS_275,6514,0.22427566934778587
echoStateNetwork,IOPS_275,6515,0.13853716881267675
echoStateNetwork,IOPS_275,6516,0.01961498875173384
echoStateNetwork,IOPS_275,6517,0.8897483607908158
echoStateNetwork,IOPS_275,6518,0.05057864761147357
echoStateNetwork,IOPS_275,6519,0.2070053341362278
echoStateNetwork,IOPS_275,6520,0.12419612937333446
echoStateNetwork,IOPS_275,6521,0.08545154563759016
echoStateNetwork,IOPS_275,6522,0.3726272307704851
echoStateNetwork,IOPS_275,6523,0.47995837759930027
echoStateNetwork,IOPS_275,6524,0.7804737382043619
echoStateNetwork,IOPS_275,6525,0.8772014215978352
echoStateNetwork,IOPS_275,6526,0.06335334190759334
echoStateNetwork,IOPS_275,6527,0.29962488814154753
echoStateNetwork,IOPS_275,6528,0.04017961002600434
echoStateNetwork,IOPS_275,6529,0.4362788818089427
echoStateNetwork,IOPS_275,6530,0.42858662016242033
echoStateNetwork,IOPS_275,6531,0.062285707667575574
echoStateNetwork,IOPS_275,6532,0.04013423233299329
echoStateNetwork,IOPS_275,6533,0.09957761202852489
echoStateNetwork,IOPS_275,6534,0.01934646277378449
echoStateNetwork,IOPS_275,6535,0.3563230331224082
echoStateNetwork,IOPS_275,6536,0.08402748104634117
echoStateNetwork,IOPS_275,6537,0.12157977874484804
echoStateNetwork,IOPS_275,6538,0.20702184449069372
echoStateNetwork,IOPS_275,6539,0.07007176121714331
echoStateNetwork,IOPS_275,6540,0.3940005770495455
echoStateNetwork,IOPS_275,6541,0.025394778478393665
echoStateNetwork,IOPS_275,6542,0.047858756524145285
echoStateNetwork,IOPS_275,6543,0.04730224779396064
echoStateNetwork,IOPS_275,6544,0.7076730834790674
echoStateNetwork,IOPS_275,6545,0.3612180657442905
echoStateNetwork,IOPS_275,6546,0.6338202434691461
echoStateNetwork,IOPS_275,6547,0.011074265062945399
echoStateNetwork,IOPS_275,6548,0.5548998934872497
echoStateNetwork,IOPS_275,6549,0.15439596520669419
echoStateNetwork,IOPS_275,6550,0.8317465597300314
echoStateNetwork,IOPS_275,6551,0.43754271549600454
echoStateNetwork,IOPS_275,6552,0.7627981483216959
echoStateNetwork,IOPS_275,6553,0.364147154705011
echoStateNetwork,IOPS_275,6554,0.4189552336045236
echoStateNetwork,IOPS_275,6555,0.08646720333913527
echoStateNetwork,IOPS_275,6556,0.2727850321835249
echoStateNetwork,IOPS_275,6557,0.11401783988955283
echoStateNetwork,IOPS_275,6558,0.1995795249797695
echoStateNetwork,IOPS_275,6559,0.27429400896764333
echoStateNetwork,IOPS_275,6560,0.3744637680348073
echoStateNetwork,IOPS_275,6561,0.18232990225845713
echoStateNetwork,IOPS_275,6562,0.09511855095785404
echoStateNetwork,IOPS_275,6563,0.08583135409559539
echoStateNetwork,IOPS_275,6564,0.429073335960807
echoStateNetwork,IOPS_275,6565,0.06976741977147072
echoStateNetwork,IOPS_275,6566,0.029097585915110358
echoStateNetwork,IOPS_275,6567,0.009533734488167855
echoStateNetwork,IOPS_275,6568,1.957669673846585e-05
echoStateNetwork,IOPS_275,6569,0.6740875607295571
echoStateNetwork,IOPS_275,6570,0.2113861504568516
echoStateNetwork,IOPS_275,6571,0.1598907269093871
echoStateNetwork,IOPS_275,6572,0.8197313593423616
echoStateNetwork,IOPS_275,6573,0.04422167826898726
echoStateNetwork,IOPS_275,6574,0.09389547014692712
echoStateNetwork,IOPS_275,6575,0.006502785630880803
echoStateNetwork,IOPS_275,6576,0.4316678346106283
echoStateNetwork,IOPS_275,6577,0.02648039735415042
echoStateNetwork,IOPS_275,6578,0.8976101773981383
echoStateNetwork,IOPS_275,6579,0.06015703585750232
echoStateNetwork,IOPS_275,6580,0.5785149589781365
echoStateNetwork,IOPS_275,6581,0.8617831164745569
echoStateNetwork,IOPS_275,6582,0.704289825112221
echoStateNetwork,IOPS_275,6583,0.8964549933625754
echoStateNetwork,IOPS_275,6584,0.11785787004075587
echoStateNetwork,IOPS_275,6585,0.04474482305811189
echoStateNetwork,IOPS_275,6586,0.1646510816105642
echoStateNetwork,IOPS_275,6587,0.05108755446962876
echoStateNetwork,IOPS_275,6588,0.19428330120615755
echoStateNetwork,IOPS_275,6589,0.3457462438038216
echoStateNetwork,IOPS_275,6590,0.0009893943792306237
echoStateNetwork,IOPS_275,6591,0.0685421244183958
echoStateNetwork,IOPS_275,6592,0.04650827240336397
echoStateNetwork,IOPS_275,6593,0.1812947417493368
echoStateNetwork,IOPS_275,6594,0.04474841082764336
echoStateNetwork,IOPS_275,6595,0.44972204937359983
echoStateNetwork,IOPS_275,6596,0.4105902973276485
echoStateNetwork,IOPS_275,6597,0.12408826627826397
echoStateNetwork,IOPS_275,6598,0.26477439548800397
echoStateNetwork,IOPS_275,6599,0.1389916355669556
echoStateNetwork,IOPS_275,6600,0.9628314231733632
echoStateNetwork,IOPS_275,6601,0.6406028033639315
echoStateNetwork,IOPS_275,6602,0.9749664770969438
echoStateNetwork,IOPS_275,6603,0.6904618378349388
echoStateNetwork,IOPS_275,6604,0.5053785183707199
echoStateNetwork,IOPS_275,6605,0.48840693638039034
echoStateNetwork,IOPS_275,6606,0.48006964766534377
echoStateNetwork,IOPS_275,6607,0.0354682697812706
echoStateNetwork,IOPS_275,6608,0.04159961087532649
echoStateNetwork,IOPS_275,6609,0.20546377873636923
echoStateNetwork,IOPS_275,6610,0.1352273946589846
echoStateNetwork,IOPS_275,6611,0.5285596900625086
echoStateNetwork,IOPS_275,6612,0.007084215755206569
echoStateNetwork,IOPS_275,6613,0.013195863755394832
echoStateNetwork,IOPS_275,6614,0.1031760796433191
echoStateNetwork,IOPS_275,6615,0.06649765414071351
echoStateNetwork,IOPS_275,6616,0.04814900894127505
echoStateNetwork,IOPS_275,6617,0.06567826942402477
echoStateNetwork,IOPS_275,6618,0.0004911285273025978
echoStateNetwork,IOPS_275,6619,0.0011288925640717817
echoStateNetwork,IOPS_275,6620,0.45546954365347947
echoStateNetwork,IOPS_275,6621,0.09122027822779066
echoStateNetwork,IOPS_275,6622,0.9041053603742658
echoStateNetwork,IOPS_275,6623,0.812574826987221
echoStateNetwork,IOPS_275,6624,0.43936224464786466
echoStateNetwork,IOPS_275,6625,0.28844528711262685
echoStateNetwork,IOPS_275,6626,0.7074544012709236
echoStateNetwork,IOPS_275,6627,0.1522900632725025
echoStateNetwork,IOPS_275,6628,0.14910902528131076
echoStateNetwork,IOPS_275,6629,0.2843657974663817
echoStateNetwork,IOPS_275,6630,0.06405573800045272
echoStateNetwork,IOPS_275,6631,0.1947236611001384
echoStateNetwork,IOPS_275,6632,0.39068594562953285
echoStateNetwork,IOPS_275,6633,0.35089713580580917
echoStateNetwork,IOPS_275,6634,0.2949616012595082
echoStateNetwork,IOPS_275,6635,0.038632612940500466
echoStateNetwork,IOPS_275,6636,0.16683212900260858
echoStateNetwork,IOPS_275,6637,0.014280421273020205
echoStateNetwork,IOPS_275,6638,0.29411838800890144
echoStateNetwork,IOPS_275,6639,0.08787833247900712
echoStateNetwork,IOPS_275,6640,0.3120209222578516
echoStateNetwork,IOPS_275,6641,0.10615457055279398
echoStateNetwork,IOPS_275,6642,0.01998392448126085
echoStateNetwork,IOPS_275,6643,0.4506709872480087
echoStateNetwork,IOPS_275,6644,0.05199334994132199
echoStateNetwork,IOPS_275,6645,0.12540857301499586
echoStateNetwork,IOPS_275,6646,0.2197569749510797
echoStateNetwork,IOPS_275,6647,0.020742420302403586
echoStateNetwork,IOPS_275,6648,0.7796088789328668
echoStateNetwork,IOPS_275,6649,0.2935808616736941
echoStateNetwork,IOPS_275,6650,0.002272148757063608
echoStateNetwork,IOPS_275,6651,0.15092940476140826
echoStateNetwork,IOPS_275,6652,0.04025705306374783
echoStateNetwork,IOPS_275,6653,0.23475343418627004
echoStateNetwork,IOPS_275,6654,0.2064859887679218
echoStateNetwork,IOPS_275,6655,0.15074851536806255
echoStateNetwork,IOPS_275,6656,0.19267700472038363
echoStateNetwork,IOPS_275,6657,0.1638809216617093
echoStateNetwork,IOPS_275,6658,0.15955715557839467
echoStateNetwork,IOPS_275,6659,0.1329662695783672
echoStateNetwork,IOPS_275,6660,0.1884198009891347
echoStateNetwork,IOPS_275,6661,0.013523151025759184
echoStateNetwork,IOPS_275,6662,0.26958656634866407
echoStateNetwork,IOPS_275,6663,0.01549504124923029
echoStateNetwork,IOPS_275,6664,0.012289977066263558
echoStateNetwork,IOPS_275,6665,0.16523385316537165
echoStateNetwork,IOPS_275,6666,0.1133337971771432
echoStateNetwork,IOPS_275,6667,0.2987610129081423
echoStateNetwork,IOPS_275,6668,0.13476518934154913
echoStateNetwork,IOPS_275,6669,0.14818439227450164
echoStateNetwork,IOPS_275,6670,0.5726076763838522
echoStateNetwork,IOPS_275,6671,0.251119116811512
echoStateNetwork,IOPS_275,6672,0.08110632059094469
echoStateNetwork,IOPS_275,6673,0.06362205053288283
echoStateNetwork,IOPS_275,6674,0.019243842235155295
echoStateNetwork,IOPS_275,6675,0.030351115719190802
echoStateNetwork,IOPS_275,6676,0.00013120642143948924
echoStateNetwork,IOPS_275,6677,4.9692766488584894e-05
echoStateNetwork,IOPS_275,6678,0.00934795811092759
echoStateNetwork,IOPS_275,6679,0.0818748108437829
echoStateNetwork,IOPS_275,6680,0.1793051281234459
echoStateNetwork,IOPS_275,6681,0.10530032989503513
echoStateNetwork,IOPS_275,6682,0.02410505654299233
echoStateNetwork,IOPS_275,6683,0.21988255045804006
echoStateNetwork,IOPS_275,6684,0.3017201996518456
echoStateNetwork,IOPS_275,6685,0.6602469561326494
echoStateNetwork,IOPS_275,6686,0.01965147573849446
echoStateNetwork,IOPS_275,6687,0.19618795878218898
echoStateNetwork,IOPS_275,6688,0.1085434593447493
echoStateNetwork,IOPS_275,6689,0.17862840457380014
echoStateNetwork,IOPS_275,6690,0.021214879312941415
echoStateNetwork,IOPS_275,6691,0.0009917342930753081
echoStateNetwork,IOPS_275,6692,0.4037743362901014
echoStateNetwork,IOPS_275,6693,0.04286524553233251
echoStateNetwork,IOPS_275,6694,0.506568179586574
echoStateNetwork,IOPS_275,6695,0.09820350709666181
echoStateNetwork,IOPS_275,6696,0.151504994817511
echoStateNetwork,IOPS_275,6697,0.1772737210017623
echoStateNetwork,IOPS_275,6698,0.09834397454024246
echoStateNetwork,IOPS_275,6699,0.051771708513968395
echoStateNetwork,IOPS_275,6700,0.33295270669297305
echoStateNetwork,IOPS_275,6701,0.006240110438391233
echoStateNetwork,IOPS_275,6702,0.27605771657621003
echoStateNetwork,IOPS_275,6703,0.11072955614285573
echoStateNetwork,IOPS_275,6704,0.6761641797209392
echoStateNetwork,IOPS_275,6705,0.1448871262246788
echoStateNetwork,IOPS_275,6706,0.4124619014943939
echoStateNetwork,IOPS_275,6707,0.5091344314998578
echoStateNetwork,IOPS_275,6708,0.0004087193870992989
echoStateNetwork,IOPS_275,6709,0.02395959369192424
echoStateNetwork,IOPS_275,6710,0.02230122652856592
echoStateNetwork,IOPS_275,6711,0.0006067912170704126
echoStateNetwork,IOPS_275,6712,0.09582243813777513
echoStateNetwork,IOPS_275,6713,0.2232145272633641
echoStateNetwork,IOPS_275,6714,0.06209581785609175
echoStateNetwork,IOPS_275,6715,0.32246288243536436
echoStateNetwork,IOPS_275,6716,1.5639225026120585e-08
echoStateNetwork,IOPS_275,6717,0.8665628775004814
echoStateNetwork,IOPS_275,6718,0.09361091250105102
echoStateNetwork,IOPS_275,6719,0.7756067699955833
echoStateNetwork,IOPS_275,6720,0.0772857722315402
echoStateNetwork,IOPS_275,6721,0.1059920383108921
echoStateNetwork,IOPS_275,6722,0.49737400511760577
echoStateNetwork,IOPS_275,6723,0.06868107959156089
echoStateNetwork,IOPS_275,6724,0.6891011257989923
echoStateNetwork,IOPS_275,6725,0.017013085128770644
echoStateNetwork,IOPS_275,6726,0.6952271787397188
echoStateNetwork,IOPS_275,6727,0.054754992338260644
echoStateNetwork,IOPS_275,6728,0.14441964403417484
echoStateNetwork,IOPS_275,6729,0.14433364114915237
echoStateNetwork,IOPS_275,6730,0.33257864779220847
echoStateNetwork,IOPS_275,6731,0.11032497500562088
echoStateNetwork,IOPS_275,6732,0.7654286469228047
echoStateNetwork,IOPS_275,6733,0.04244031099461476
echoStateNetwork,IOPS_275,6734,0.674896570465972
echoStateNetwork,IOPS_275,6735,0.0009582578196520863
echoStateNetwork,IOPS_275,6736,0.002377757045566087
echoStateNetwork,IOPS_275,6737,0.0005549954730587059
echoStateNetwork,IOPS_275,6738,0.08064942538681275
echoStateNetwork,IOPS_275,6739,0.5486043273147301
echoStateNetwork,IOPS_275,6740,0.018830396470510657
echoStateNetwork,IOPS_275,6741,0.9159938984148345
echoStateNetwork,IOPS_275,6742,0.1611306953729561
echoStateNetwork,IOPS_275,6743,0.6772454936416936
echoStateNetwork,IOPS_275,6744,0.4960813762539311
echoStateNetwork,IOPS_275,6745,0.009539852098310875
echoStateNetwork,IOPS_275,6746,0.8539233843853693
echoStateNetwork,IOPS_275,6747,0.14289872180076812
echoStateNetwork,IOPS_275,6748,0.1761556654866573
echoStateNetwork,IOPS_275,6749,0.17425700341448802
echoStateNetwork,IOPS_275,6750,8.769177160561359e-05
echoStateNetwork,IOPS_275,6751,0.01502149848243528
echoStateNetwork,IOPS_275,6752,0.15630376980162686
echoStateNetwork,IOPS_275,6753,0.009979934345298425
echoStateNetwork,IOPS_275,6754,0.7824530847393651
echoStateNetwork,IOPS_275,6755,0.3295944774936225
echoStateNetwork,IOPS_275,6756,0.9414251872403474
echoStateNetwork,IOPS_275,6757,0.19315174906618215
echoStateNetwork,IOPS_275,6758,0.199483884438992
echoStateNetwork,IOPS_275,6759,0.13975375569780357
echoStateNetwork,IOPS_275,6760,0.5281537548633755
echoStateNetwork,IOPS_275,6761,0.2016755117825909
echoStateNetwork,IOPS_275,6762,0.6395013158672446
echoStateNetwork,IOPS_275,6763,0.7757809692151293
echoStateNetwork,IOPS_275,6764,0.18249376119734484
echoStateNetwork,IOPS_275,6765,0.8970474420590646
echoStateNetwork,IOPS_275,6766,0.11276460024839785
echoStateNetwork,IOPS_275,6767,0.10091598219988462
echoStateNetwork,IOPS_275,6768,0.5989847382485525
echoStateNetwork,IOPS_275,6769,0.07880722849263577
echoStateNetwork,IOPS_275,6770,0.1395387910203153
echoStateNetwork,IOPS_275,6771,0.4571742359583808
echoStateNetwork,IOPS_275,6772,0.13411372791244613
echoStateNetwork,IOPS_275,6773,0.0006434804204780153
echoStateNetwork,IOPS_275,6774,0.004272261951987488
echoStateNetwork,IOPS_275,6775,0.12911888691770845
echoStateNetwork,IOPS_275,6776,0.0012149699508019474
echoStateNetwork,IOPS_275,6777,0.0009225535792675155
echoStateNetwork,IOPS_275,6778,0.6630832560474755
echoStateNetwork,IOPS_275,6779,0.25289281787810913
echoStateNetwork,IOPS_275,6780,0.7713721979241003
echoStateNetwork,IOPS_275,6781,0.030344107904862083
echoStateNetwork,IOPS_275,6782,0.00010079902853332712
echoStateNetwork,IOPS_275,6783,0.060720104432849586
echoStateNetwork,IOPS_275,6784,0.3665714859374093
echoStateNetwork,IOPS_275,6785,0.17460036565796921
echoStateNetwork,IOPS_275,6786,0.0477972618053677
echoStateNetwork,IOPS_275,6787,0.6695018993147475
echoStateNetwork,IOPS_275,6788,0.05164157926575208
echoStateNetwork,IOPS_275,6789,0.8118241349493259
echoStateNetwork,IOPS_275,6790,0.022789842244201552
echoStateNetwork,IOPS_275,6791,0.64904142808295
echoStateNetwork,IOPS_275,6792,0.04740916453829913
echoStateNetwork,IOPS_275,6793,0.48531556080078364
echoStateNetwork,IOPS_275,6794,0.1948172632228221
echoStateNetwork,IOPS_275,6795,0.07992254997675974
echoStateNetwork,IOPS_275,6796,0.009186008104159704
echoStateNetwork,IOPS_275,6797,0.032039401543528356
echoStateNetwork,IOPS_275,6798,0.14666328321516486
echoStateNetwork,IOPS_275,6799,0.021478489819612534
echoStateNetwork,IOPS_275,6800,0.2640454519550681
echoStateNetwork,IOPS_275,6801,0.24752925835107042
echoStateNetwork,IOPS_275,6802,0.5517913832461729
echoStateNetwork,IOPS_275,6803,0.07238208093940957
echoStateNetwork,IOPS_275,6804,0.3768106912015302
echoStateNetwork,IOPS_275,6805,0.9156709700165329
echoStateNetwork,IOPS_275,6806,0.45684610987948093
echoStateNetwork,IOPS_275,6807,0.07750933047153508
echoStateNetwork,IOPS_275,6808,0.007787607175433364
echoStateNetwork,IOPS_275,6809,0.012834760298067405
echoStateNetwork,IOPS_275,6810,0.014284777291875272
echoStateNetwork,IOPS_275,6811,0.7379573084748148
echoStateNetwork,IOPS_275,6812,0.0756431900049378
echoStateNetwork,IOPS_275,6813,0.5399355226790504
echoStateNetwork,IOPS_275,6814,0.7940315516774632
echoStateNetwork,IOPS_275,6815,0.08056161862906508
echoStateNetwork,IOPS_275,6816,0.8871481247055834
echoStateNetwork,IOPS_275,6817,0.25331923180629334
echoStateNetwork,IOPS_275,6818,0.1352378776814238
echoStateNetwork,IOPS_275,6819,0.44221859403335484
echoStateNetwork,IOPS_275,6820,0.0003588228359768797
echoStateNetwork,IOPS_275,6821,0.19208546591731357
echoStateNetwork,IOPS_275,6822,0.07981902423129728
echoStateNetwork,IOPS_275,6823,0.009582831082147636
echoStateNetwork,IOPS_275,6824,0.0008794305212059816
echoStateNetwork,IOPS_275,6825,0.7616936430698378
echoStateNetwork,IOPS_275,6826,0.29160619255152365
echoStateNetwork,IOPS_275,6827,0.946867230149332
echoStateNetwork,IOPS_275,6828,0.46414101194500645
echoStateNetwork,IOPS_275,6829,0.003689771859832214
echoStateNetwork,IOPS_275,6830,0.00231292745924383
echoStateNetwork,IOPS_275,6831,0.33040334461303467
echoStateNetwork,IOPS_275,6832,0.19125538835058442
echoStateNetwork,IOPS_275,6833,0.0011816971833211731
echoStateNetwork,IOPS_275,6834,0.12957505887275722
echoStateNetwork,IOPS_275,6835,0.3130784654236167
echoStateNetwork,IOPS_275,6836,0.49561750166484686
echoStateNetwork,IOPS_275,6837,0.008417305235989936
echoStateNetwork,IOPS_275,6838,0.7485462437690854
echoStateNetwork,IOPS_275,6839,0.4211707179438309
echoStateNetwork,IOPS_275,6840,0.0571271963596357
echoStateNetwork,IOPS_275,6841,0.7114638063531462
echoStateNetwork,IOPS_275,6842,0.17933157080226148
echoStateNetwork,IOPS_275,6843,0.6551379550076455
echoStateNetwork,IOPS_275,6844,0.07699413273048228
echoStateNetwork,IOPS_275,6845,0.27104705386155203
echoStateNetwork,IOPS_275,6846,0.524238378333278
echoStateNetwork,IOPS_275,6847,0.1779766637183341
echoStateNetwork,IOPS_275,6848,0.6314215058732461
echoStateNetwork,IOPS_275,6849,0.5285280909093427
echoStateNetwork,IOPS_275,6850,0.026598724437638888
echoStateNetwork,IOPS_275,6851,0.30912272236888116
echoStateNetwork,IOPS_275,6852,0.0696900368698401
echoStateNetwork,IOPS_275,6853,0.03420410268408802
echoStateNetwork,IOPS_275,6854,0.399170663836627
echoStateNetwork,IOPS_275,6855,0.03042659592916863
echoStateNetwork,IOPS_275,6856,0.024240339111748832
echoStateNetwork,IOPS_275,6857,0.00015561727868029784
echoStateNetwork,IOPS_275,6858,0.010040458770228744
echoStateNetwork,IOPS_275,6859,0.002736274317194587
echoStateNetwork,IOPS_275,6860,0.020921777233326666
echoStateNetwork,IOPS_275,6861,0.03610087170813059
echoStateNetwork,IOPS_275,6862,0.22054826767178737
echoStateNetwork,IOPS_275,6863,0.05066263818702432
echoStateNetwork,IOPS_275,6864,0.3772177270344732
echoStateNetwork,IOPS_275,6865,0.03342127057457289
echoStateNetwork,IOPS_275,6866,0.1595363491520554
echoStateNetwork,IOPS_275,6867,0.011128365888118719
echoStateNetwork,IOPS_275,6868,0.7769604493215273
echoStateNetwork,IOPS_275,6869,0.41479958821332197
echoStateNetwork,IOPS_275,6870,0.6400119894079705
echoStateNetwork,IOPS_275,6871,0.36060960019711763
echoStateNetwork,IOPS_275,6872,0.19552912504963715
echoStateNetwork,IOPS_275,6873,0.5160613977879078
echoStateNetwork,IOPS_275,6874,0.4060405989522228
echoStateNetwork,IOPS_275,6875,0.12568786453794156
echoStateNetwork,IOPS_275,6876,0.12779144684582677
echoStateNetwork,IOPS_275,6877,0.3729379715438449
echoStateNetwork,IOPS_275,6878,0.003467332807246315
echoStateNetwork,IOPS_275,6879,5.8170556781700355e-05
echoStateNetwork,IOPS_275,6880,0.5557205604305097
echoStateNetwork,IOPS_275,6881,0.0015679961200097958
echoStateNetwork,IOPS_275,6882,0.8717315381973239
echoStateNetwork,IOPS_275,6883,0.17964849194116406
echoStateNetwork,IOPS_275,6884,0.0999675112113555
echoStateNetwork,IOPS_275,6885,0.050681959071734006
echoStateNetwork,IOPS_275,6886,0.4257165835395488
echoStateNetwork,IOPS_275,6887,0.015352981791022735
echoStateNetwork,IOPS_275,6888,0.9850101019821063
echoStateNetwork,IOPS_275,6889,0.025764219899453433
echoStateNetwork,IOPS_275,6890,0.9940737399399162
echoStateNetwork,IOPS_275,6891,0.1831249392016835
echoStateNetwork,IOPS_275,6892,0.8084095529856169
echoStateNetwork,IOPS_275,6893,0.018767721760072353
echoStateNetwork,IOPS_275,6894,0.2772233234993511
echoStateNetwork,IOPS_275,6895,0.07912290021565682
echoStateNetwork,IOPS_275,6896,0.14807091599350852
echoStateNetwork,IOPS_275,6897,0.443388090784549
echoStateNetwork,IOPS_275,6898,0.02288107083106472
echoStateNetwork,IOPS_275,6899,0.3279141908785841
echoStateNetwork,IOPS_275,6900,0.17552533912497492
echoStateNetwork,IOPS_275,6901,0.06767685990772254
echoStateNetwork,IOPS_275,6902,0.34771366199225295
echoStateNetwork,IOPS_275,6903,0.6482405057986209
echoStateNetwork,IOPS_275,6904,0.0001806242978279471
echoStateNetwork,IOPS_275,6905,0.948010153001003
echoStateNetwork,IOPS_275,6906,0.07978989901203715
echoStateNetwork,IOPS_275,6907,0.856898616581984
echoStateNetwork,IOPS_275,6908,0.6279102049899987
echoStateNetwork,IOPS_275,6909,0.8481146461492295
echoStateNetwork,IOPS_275,6910,0.3907468630204767
echoStateNetwork,IOPS_275,6911,0.28607859790284795
echoStateNetwork,IOPS_275,6912,0.08333841691223054
echoStateNetwork,IOPS_275,6913,0.010323958634715469
echoStateNetwork,IOPS_275,6914,0.03948656826114472
echoStateNetwork,IOPS_275,6915,0.6998672445657158
echoStateNetwork,IOPS_275,6916,0.004385829857297963
echoStateNetwork,IOPS_275,6917,0.2390852779128959
echoStateNetwork,IOPS_275,6918,0.09380223125601816
echoStateNetwork,IOPS_275,6919,0.6551330818519292
echoStateNetwork,IOPS_275,6920,0.006927848089793187
echoStateNetwork,IOPS_275,6921,0.004002690176334922
echoStateNetwork,IOPS_275,6922,0.12043841313298875
echoStateNetwork,IOPS_275,6923,0.0491125673485977
echoStateNetwork,IOPS_275,6924,0.00040493707579969396
echoStateNetwork,IOPS_275,6925,0.4966180494529372
echoStateNetwork,IOPS_275,6926,0.6399710495310889
echoStateNetwork,IOPS_275,6927,0.9870878995318869
echoStateNetwork,IOPS_275,6928,0.024951622336978896
echoStateNetwork,IOPS_275,6929,0.7696273403445133
echoStateNetwork,IOPS_275,6930,0.1713402716255673
echoStateNetwork,IOPS_275,6931,0.2717143766174265
echoStateNetwork,IOPS_275,6932,0.014979336808795929
echoStateNetwork,IOPS_275,6933,0.23088028902698765
echoStateNetwork,IOPS_275,6934,0.09058903142523378
echoStateNetwork,IOPS_275,6935,0.06569658317984606
echoStateNetwork,IOPS_275,6936,0.6235380936717618
echoStateNetwork,IOPS_275,6937,0.28219723956855725
echoStateNetwork,IOPS_275,6938,0.3352380077087592
echoStateNetwork,IOPS_275,6939,0.43026201745164183
echoStateNetwork,IOPS_275,6940,0.06833685758257257
echoStateNetwork,IOPS_275,6941,0.754692562912217
echoStateNetwork,IOPS_275,6942,0.011222542441162942
echoStateNetwork,IOPS_275,6943,0.11596426420293693
echoStateNetwork,IOPS_275,6944,0.3511374955213695
echoStateNetwork,IOPS_275,6945,0.07013207871822691
echoStateNetwork,IOPS_275,6946,0.12697197119180625
echoStateNetwork,IOPS_275,6947,0.26929734687260776
echoStateNetwork,IOPS_275,6948,0.8800886179199379
echoStateNetwork,IOPS_275,6949,0.856491916338673
echoStateNetwork,IOPS_275,6950,0.0937315579808713
echoStateNetwork,IOPS_275,6951,0.3829430868078899
echoStateNetwork,IOPS_275,6952,0.01388021095165548
echoStateNetwork,IOPS_275,6953,0.012646095940274216
echoStateNetwork,IOPS_275,6954,0.08490378489154915
echoStateNetwork,IOPS_275,6955,0.4880427857628944
echoStateNetwork,IOPS_275,6956,0.051577311715520935
echoStateNetwork,IOPS_275,6957,0.012308555100969953
echoStateNetwork,IOPS_275,6958,0.30354145727515014
echoStateNetwork,IOPS_275,6959,0.004996241038626725
echoStateNetwork,IOPS_275,6960,0.1857454125301704
echoStateNetwork,IOPS_275,6961,0.014629303384127157
echoStateNetwork,IOPS_275,6962,0.02547343723212625
echoStateNetwork,IOPS_275,6963,0.08007152256864336
echoStateNetwork,IOPS_275,6964,0.014624330670479302
echoStateNetwork,IOPS_275,6965,0.2833115939947267
echoStateNetwork,IOPS_275,6966,0.18904128130135267
echoStateNetwork,IOPS_275,6967,8.099859907573226e-06
echoStateNetwork,IOPS_275,6968,0.0416140872934877
echoStateNetwork,IOPS_275,6969,0.126656100945703
echoStateNetwork,IOPS_275,6970,0.5357172962154103
echoStateNetwork,IOPS_275,6971,0.4847665832786786
echoStateNetwork,IOPS_275,6972,0.007168152748792567
echoStateNetwork,IOPS_275,6973,0.07470052073440847
echoStateNetwork,IOPS_275,6974,0.003648945098656431
echoStateNetwork,IOPS_275,6975,0.5417862917318015
echoStateNetwork,IOPS_275,6976,0.29354598494852746
echoStateNetwork,IOPS_275,6977,0.3840693311562504
echoStateNetwork,IOPS_275,6978,0.02724956646567256
echoStateNetwork,IOPS_275,6979,0.0008842831215778446
echoStateNetwork,IOPS_275,6980,0.04653477498250447
echoStateNetwork,IOPS_275,6981,0.17641167921740086
echoStateNetwork,IOPS_275,6982,0.037578618783212
echoStateNetwork,IOPS_275,6983,0.11255790982398262
echoStateNetwork,IOPS_275,6984,0.002950389697791711
echoStateNetwork,IOPS_275,6985,0.0015285472997207394
echoStateNetwork,IOPS_275,6986,0.24096874864448747
echoStateNetwork,IOPS_275,6987,0.04764593757465896
echoStateNetwork,IOPS_275,6988,0.011006333330000673
echoStateNetwork,IOPS_275,6989,0.03305476554897013
echoStateNetwork,IOPS_275,6990,0.3760036781234135
echoStateNetwork,IOPS_275,6991,0.02429656360976118
echoStateNetwork,IOPS_275,6992,0.9382111166351923
echoStateNetwork,IOPS_275,6993,0.8750897364946686
echoStateNetwork,IOPS_275,6994,0.562888878085792
echoStateNetwork,IOPS_275,6995,0.48923909192342085
echoStateNetwork,IOPS_275,6996,0.321640236834975
echoStateNetwork,IOPS_275,6997,0.4257198649868399
echoStateNetwork,IOPS_275,6998,0.25428285350416935
echoStateNetwork,IOPS_275,6999,0.010351410515902049
echoStateNetwork,IOPS_275,7000,0.013932943425446376
echoStateNetwork,IOPS_275,7001,0.036671005648125754
echoStateNetwork,IOPS_275,7002,0.00010154191968558823
echoStateNetwork,IOPS_275,7003,0.5974311439493538
echoStateNetwork,IOPS_275,7004,0.8053760494930431
echoStateNetwork,IOPS_275,7005,7.424206586281734e-06
echoStateNetwork,IOPS_275,7006,0.11740573089370432
echoStateNetwork,IOPS_275,7007,0.009644993206843533
echoStateNetwork,IOPS_275,7008,0.6917690499381782
echoStateNetwork,IOPS_275,7009,0.06061362058278863
echoStateNetwork,IOPS_275,7010,0.1955659255551664
echoStateNetwork,IOPS_275,7011,0.34281508478276246
echoStateNetwork,IOPS_275,7012,0.8365931955765634
echoStateNetwork,IOPS_275,7013,0.05859360149711479
echoStateNetwork,IOPS_275,7014,0.868923086699616
echoStateNetwork,IOPS_275,7015,0.7884414109388723
echoStateNetwork,IOPS_275,7016,0.45683160829492875
echoStateNetwork,IOPS_275,7017,0.7310301970219979
echoStateNetwork,IOPS_275,7018,0.633632933258805
echoStateNetwork,IOPS_275,7019,0.12780705539410475
echoStateNetwork,IOPS_275,7020,0.7832440897121457
echoStateNetwork,IOPS_275,7021,0.13108775180169185
echoStateNetwork,IOPS_275,7022,0.36693019760477263
echoStateNetwork,IOPS_275,7023,0.497180795996757
echoStateNetwork,IOPS_275,7024,0.41910930657017154
echoStateNetwork,IOPS_275,7025,0.4631084102061168
echoStateNetwork,IOPS_275,7026,0.538285945590439
echoStateNetwork,IOPS_275,7027,0.021000112968311613
echoStateNetwork,IOPS_275,7028,0.31403082804746907
echoStateNetwork,IOPS_275,7029,0.17278775095723942
echoStateNetwork,IOPS_275,7030,0.06215900828343657
echoStateNetwork,IOPS_275,7031,0.06331962779975064
echoStateNetwork,IOPS_275,7032,0.10604556495844863
echoStateNetwork,IOPS_275,7033,0.004535847701657492
echoStateNetwork,IOPS_275,7034,0.7951520126833018
echoStateNetwork,IOPS_275,7035,0.8555507746936993
echoStateNetwork,IOPS_275,7036,0.4752712379616647
echoStateNetwork,IOPS_275,7037,0.7978255465685915
echoStateNetwork,IOPS_275,7038,0.19880890088866765
echoStateNetwork,IOPS_275,7039,0.649997421585641
echoStateNetwork,IOPS_275,7040,0.35295956456295774
echoStateNetwork,IOPS_275,7041,0.0959853009522944
echoStateNetwork,IOPS_275,7042,0.5002240914477566
echoStateNetwork,IOPS_275,7043,0.02876160682104545
echoStateNetwork,IOPS_275,7044,0.025599133486046477
echoStateNetwork,IOPS_275,7045,0.05911813258950471
echoStateNetwork,IOPS_275,7046,0.44195486123626115
echoStateNetwork,IOPS_275,7047,0.04709185085611867
echoStateNetwork,IOPS_275,7048,0.00882896205264383
echoStateNetwork,IOPS_275,7049,0.49980038960492645
echoStateNetwork,IOPS_275,7050,0.022360332668680982
echoStateNetwork,IOPS_275,7051,0.07177646937067517
echoStateNetwork,IOPS_275,7052,0.0016660765696254742
echoStateNetwork,IOPS_275,7053,0.17216541962555354
echoStateNetwork,IOPS_275,7054,0.6100632685052376
echoStateNetwork,IOPS_275,7055,0.044548884741683725
echoStateNetwork,IOPS_275,7056,0.4409958675630987
echoStateNetwork,IOPS_275,7057,0.7305110292847767
echoStateNetwork,IOPS_275,7058,0.1787614303288928
echoStateNetwork,IOPS_275,7059,0.6350885580117053
echoStateNetwork,IOPS_275,7060,0.1592030537103395
echoStateNetwork,IOPS_275,7061,0.16337024025727365
echoStateNetwork,IOPS_275,7062,0.21102105910868452
echoStateNetwork,IOPS_275,7063,0.7007747729040532
echoStateNetwork,IOPS_275,7064,0.00019584776654513192
echoStateNetwork,IOPS_275,7065,0.630165557675948
echoStateNetwork,IOPS_275,7066,0.01690255478802749
echoStateNetwork,IOPS_275,7067,0.35534860173543137
echoStateNetwork,IOPS_275,7068,0.5719688084776545
echoStateNetwork,IOPS_275,7069,0.622402805713788
echoStateNetwork,IOPS_275,7070,0.17096838024739003
echoStateNetwork,IOPS_275,7071,0.06392696168806666
echoStateNetwork,IOPS_275,7072,0.26801604135379986
echoStateNetwork,IOPS_275,7073,0.33166440111018647
echoStateNetwork,IOPS_275,7074,0.1273596181750719
echoStateNetwork,IOPS_275,7075,0.0014211729098198012
echoStateNetwork,IOPS_275,7076,0.0029372800366914698
echoStateNetwork,IOPS_275,7077,0.43717259040592993
echoStateNetwork,IOPS_275,7078,0.3607053758947646
echoStateNetwork,IOPS_275,7079,0.9503717839865256
echoStateNetwork,IOPS_275,7080,0.08515550101465008
echoStateNetwork,IOPS_275,7081,0.5488828481693794
echoStateNetwork,IOPS_275,7082,0.8127372687610119
echoStateNetwork,IOPS_275,7083,0.08716229603559744
echoStateNetwork,IOPS_275,7084,0.3876482699494691
echoStateNetwork,IOPS_275,7085,0.00031036619211999295
echoStateNetwork,IOPS_275,7086,0.1926994646640341
echoStateNetwork,IOPS_275,7087,0.22890807699057825
echoStateNetwork,IOPS_275,7088,0.03187975262666631
echoStateNetwork,IOPS_275,7089,0.5379049243282255
echoStateNetwork,IOPS_275,7090,0.6299680750775822
echoStateNetwork,IOPS_275,7091,0.10084979002245531
echoStateNetwork,IOPS_275,7092,0.2872861931669718
echoStateNetwork,IOPS_275,7093,0.1581252415176423
echoStateNetwork,IOPS_275,7094,0.33764808051735884
echoStateNetwork,IOPS_275,7095,0.035436256942110056
echoStateNetwork,IOPS_275,7096,0.04183180117269525
echoStateNetwork,IOPS_275,7097,0.06215779590548132
echoStateNetwork,IOPS_275,7098,0.08158630391280142
echoStateNetwork,IOPS_275,7099,0.48623496886999407
echoStateNetwork,IOPS_275,7100,0.5961570560159792
echoStateNetwork,IOPS_275,7101,0.8843421234017389
echoStateNetwork,IOPS_275,7102,0.35801263781353465
echoStateNetwork,IOPS_275,7103,0.2905331834356354
echoStateNetwork,IOPS_275,7104,0.09130558410047185
echoStateNetwork,IOPS_275,7105,0.4104287225299921
echoStateNetwork,IOPS_275,7106,0.2171710409441363
echoStateNetwork,IOPS_275,7107,0.07691296836724548
echoStateNetwork,IOPS_275,7108,0.0868360065966074
echoStateNetwork,IOPS_275,7109,0.11725250758417205
echoStateNetwork,IOPS_275,7110,0.32277391249361875
echoStateNetwork,IOPS_275,7111,0.0035576708893717557
echoStateNetwork,IOPS_275,7112,0.2944082930240288
echoStateNetwork,IOPS_275,7113,0.06501740141612611
echoStateNetwork,IOPS_275,7114,0.006151606718481584
echoStateNetwork,IOPS_275,7115,0.01146894656965014
echoStateNetwork,IOPS_275,7116,0.10121903186978976
echoStateNetwork,IOPS_275,7117,0.5907313777531829
echoStateNetwork,IOPS_275,7118,0.3519107156641451
echoStateNetwork,IOPS_275,7119,0.017048021757590015
echoStateNetwork,IOPS_275,7120,0.02743659749803018
echoStateNetwork,IOPS_275,7121,0.12081243101824357
echoStateNetwork,IOPS_275,7122,0.625616327792039
echoStateNetwork,IOPS_275,7123,0.4320655943282423
echoStateNetwork,IOPS_275,7124,0.5449902186845561
echoStateNetwork,IOPS_275,7125,0.01614621506471947
echoStateNetwork,IOPS_275,7126,0.24343065995596713
echoStateNetwork,IOPS_275,7127,0.8845714366960106
echoStateNetwork,IOPS_275,7128,0.3543604087701008
echoStateNetwork,IOPS_275,7129,0.254194826576858
echoStateNetwork,IOPS_275,7130,0.08354347641746707
echoStateNetwork,IOPS_275,7131,0.04152466060555304
echoStateNetwork,IOPS_275,7132,0.5664074595572837
echoStateNetwork,IOPS_275,7133,0.3293895392767866
echoStateNetwork,IOPS_275,7134,0.11174606281898025
echoStateNetwork,IOPS_275,7135,0.41850457455228707
echoStateNetwork,IOPS_275,7136,0.049790146905064
echoStateNetwork,IOPS_275,7137,0.7789972316604681
echoStateNetwork,IOPS_275,7138,0.13329762594191696
echoStateNetwork,IOPS_275,7139,0.2549396477195427
echoStateNetwork,IOPS_275,7140,0.23854254220930715
echoStateNetwork,IOPS_275,7141,0.12145050667146051
echoStateNetwork,IOPS_275,7142,0.07994210819818826
echoStateNetwork,IOPS_275,7143,0.15178647232916676
echoStateNetwork,IOPS_275,7144,0.29292330602743266
echoStateNetwork,IOPS_275,7145,0.010528540865498481
echoStateNetwork,IOPS_275,7146,0.2671842964927672
echoStateNetwork,IOPS_275,7147,0.15286319891473799
echoStateNetwork,IOPS_275,7148,0.07184726536640818
echoStateNetwork,IOPS_275,7149,0.9243137898495151
echoStateNetwork,IOPS_275,7150,0.518265279412962
echoStateNetwork,IOPS_275,7151,0.8305573015228247
echoStateNetwork,IOPS_275,7152,0.26681712152069215
echoStateNetwork,IOPS_275,7153,0.007821680552436372
echoStateNetwork,IOPS_275,7154,0.2988691735390111
echoStateNetwork,IOPS_275,7155,0.3669025590700179
echoStateNetwork,IOPS_275,7156,0.08028255999719147
echoStateNetwork,IOPS_275,7157,0.3501762065237932
echoStateNetwork,IOPS_275,7158,0.47061488142092234
echoStateNetwork,IOPS_275,7159,0.023183117406981535
echoStateNetwork,IOPS_275,7160,0.269951051988525
echoStateNetwork,IOPS_275,7161,0.019677483093235915
echoStateNetwork,IOPS_275,7162,0.28115158895310166
echoStateNetwork,IOPS_275,7163,0.12548998864927874
echoStateNetwork,IOPS_275,7164,0.011812800423733338
echoStateNetwork,IOPS_275,7165,0.004749787919648418
echoStateNetwork,IOPS_275,7166,0.018539733969577532
echoStateNetwork,IOPS_275,7167,0.032678498994341054
echoStateNetwork,IOPS_275,7168,0.03793757314746371
echoStateNetwork,IOPS_275,7169,0.1420877080514119
echoStateNetwork,IOPS_275,7170,0.07690492711578412
echoStateNetwork,IOPS_275,7171,0.75832046844949
echoStateNetwork,IOPS_275,7172,0.019576895493988222
echoStateNetwork,IOPS_275,7173,0.121050797091521
echoStateNetwork,IOPS_275,7174,0.030773455093901503
echoStateNetwork,IOPS_275,7175,0.009450490439419035
echoStateNetwork,IOPS_275,7176,0.5113779441702555
echoStateNetwork,IOPS_275,7177,0.8921893010069606
echoStateNetwork,IOPS_275,7178,0.01272668800028931
echoStateNetwork,IOPS_275,7179,0.26311414819517165
echoStateNetwork,IOPS_275,7180,0.1106340979657594
echoStateNetwork,IOPS_275,7181,0.4070846926568895
echoStateNetwork,IOPS_275,7182,0.5045341188470986
echoStateNetwork,IOPS_275,7183,0.5678986633990422
echoStateNetwork,IOPS_275,7184,0.08179683971949137
echoStateNetwork,IOPS_275,7185,0.09817852296810248
echoStateNetwork,IOPS_275,7186,0.007315380549341888
echoStateNetwork,IOPS_275,7187,0.005851197308964551
echoStateNetwork,IOPS_275,7188,0.38982416263526676
echoStateNetwork,IOPS_275,7189,0.3246449857885908
echoStateNetwork,IOPS_275,7190,0.316857568095122
echoStateNetwork,IOPS_275,7191,0.016665793827220998
echoStateNetwork,IOPS_275,7192,0.03833494998068254
echoStateNetwork,IOPS_275,7193,0.0045570689537056674
echoStateNetwork,IOPS_275,7194,0.009759188274673924
echoStateNetwork,IOPS_275,7195,0.19255581496242158
echoStateNetwork,IOPS_275,7196,0.35361271132827166
echoStateNetwork,IOPS_275,7197,0.004664471564431283
echoStateNetwork,IOPS_275,7198,0.0001271578375844351
echoStateNetwork,IOPS_275,7199,0.18859988405273465
echoStateNetwork,IOPS_275,7200,0.0006072754525225932
echoStateNetwork,IOPS_275,7201,0.705226130223205
echoStateNetwork,IOPS_275,7202,0.6959542324558314
echoStateNetwork,IOPS_275,7203,0.0019449176341765906
echoStateNetwork,IOPS_275,7204,0.12960295142397837
echoStateNetwork,IOPS_275,7205,0.42726570099213834
echoStateNetwork,IOPS_275,7206,0.493133409617047
echoStateNetwork,IOPS_275,7207,0.007612686013592107
echoStateNetwork,IOPS_275,7208,0.21481669799533276
echoStateNetwork,IOPS_275,7209,0.33037160153216083
echoStateNetwork,IOPS_275,7210,0.5447994065493305
echoStateNetwork,IOPS_275,7211,0.0668390629768888
echoStateNetwork,IOPS_275,7212,0.41366535787429726
echoStateNetwork,IOPS_275,7213,0.009463755282768549
echoStateNetwork,IOPS_275,7214,0.10402820680504155
echoStateNetwork,IOPS_275,7215,0.030127628742898982
echoStateNetwork,IOPS_275,7216,0.11087331125103095
echoStateNetwork,IOPS_275,7217,0.17010633552625165
echoStateNetwork,IOPS_275,7218,0.2949197034600727
echoStateNetwork,IOPS_275,7219,0.007280544520489429
echoStateNetwork,IOPS_275,7220,0.9470005466509342
echoStateNetwork,IOPS_275,7221,0.07554135411686647
echoStateNetwork,IOPS_275,7222,0.7323436165232513
echoStateNetwork,IOPS_275,7223,0.8888840125008262
echoStateNetwork,IOPS_275,7224,0.03901518911425317
echoStateNetwork,IOPS_275,7225,0.7627943133937908
echoStateNetwork,IOPS_275,7226,0.38149596514927653
echoStateNetwork,IOPS_275,7227,0.0034511897853128914
echoStateNetwork,IOPS_275,7228,0.13810003196730125
echoStateNetwork,IOPS_275,7229,0.5547007089358016
echoStateNetwork,IOPS_275,7230,0.09565406175965963
echoStateNetwork,IOPS_275,7231,0.5687965265011073
echoStateNetwork,IOPS_275,7232,0.09670526382797229
echoStateNetwork,IOPS_275,7233,0.5053679102675845
echoStateNetwork,IOPS_275,7234,0.13564670281186197
echoStateNetwork,IOPS_275,7235,0.5577907260062662
echoStateNetwork,IOPS_275,7236,0.5545803022987486
echoStateNetwork,IOPS_275,7237,0.5640317519836966
echoStateNetwork,IOPS_275,7238,0.5158210960381644
echoStateNetwork,IOPS_275,7239,0.07470510013569376
echoStateNetwork,IOPS_275,7240,0.022985891429321947
echoStateNetwork,IOPS_275,7241,0.5034978281172333
echoStateNetwork,IOPS_275,7242,0.8875869354834505
echoStateNetwork,IOPS_275,7243,0.03364051482471819
echoStateNetwork,IOPS_275,7244,0.8781302017963558
echoStateNetwork,IOPS_275,7245,0.03800073926362213
echoStateNetwork,IOPS_275,7246,0.005277302775058779
echoStateNetwork,IOPS_275,7247,0.5210274417386392
echoStateNetwork,IOPS_275,7248,0.14559678646635787
echoStateNetwork,IOPS_275,7249,0.25612096990925504
echoStateNetwork,IOPS_275,7250,0.90161313088243
echoStateNetwork,IOPS_275,7251,0.0025464154741970946
echoStateNetwork,IOPS_275,7252,0.6870771876778115
echoStateNetwork,IOPS_275,7253,0.9236558681329847
echoStateNetwork,IOPS_275,7254,0.1300796683345894
echoStateNetwork,IOPS_275,7255,0.2074918293325344
echoStateNetwork,IOPS_275,7256,0.06757909467371981
echoStateNetwork,IOPS_275,7257,0.7711065263590638
echoStateNetwork,IOPS_275,7258,0.05725517184487816
echoStateNetwork,IOPS_275,7259,0.027968150262957625
echoStateNetwork,IOPS_275,7260,0.06666777932892198
echoStateNetwork,IOPS_275,7261,0.4576782626100063
echoStateNetwork,IOPS_275,7262,0.0024871031788064046
echoStateNetwork,IOPS_275,7263,0.11420611280437643
echoStateNetwork,IOPS_275,7264,0.7289547129373368
echoStateNetwork,IOPS_275,7265,0.04877448579541588
echoStateNetwork,IOPS_275,7266,0.5036902012330076
echoStateNetwork,IOPS_275,7267,0.2802287394683476
echoStateNetwork,IOPS_275,7268,0.4346287391925817
echoStateNetwork,IOPS_275,7269,0.004092353847462538
echoStateNetwork,IOPS_275,7270,0.147300892946724
echoStateNetwork,IOPS_275,7271,0.07454297529438658
echoStateNetwork,IOPS_275,7272,0.8577899199527881
echoStateNetwork,IOPS_275,7273,0.5752510231428618
echoStateNetwork,IOPS_275,7274,0.37063605404044764
echoStateNetwork,IOPS_275,7275,0.8154011181524293
echoStateNetwork,IOPS_275,7276,0.5122364331549045
echoStateNetwork,IOPS_275,7277,0.18280496438067895
echoStateNetwork,IOPS_275,7278,0.28740288522060353
echoStateNetwork,IOPS_275,7279,0.49248892678193135
echoStateNetwork,IOPS_275,7280,0.010426148135059266
echoStateNetwork,IOPS_275,7281,0.7554582318277978
echoStateNetwork,IOPS_275,7282,0.2630318731575718
echoStateNetwork,IOPS_275,7283,0.557814213247632
echoStateNetwork,IOPS_275,7284,0.015235036125181733
echoStateNetwork,IOPS_275,7285,0.07689479289233081
echoStateNetwork,IOPS_275,7286,0.03482625453241772
echoStateNetwork,IOPS_275,7287,0.3421656267243067
echoStateNetwork,IOPS_275,7288,0.1498226224917968
echoStateNetwork,IOPS_275,7289,0.00297563721469285
echoStateNetwork,IOPS_275,7290,0.6752973537059725
echoStateNetwork,IOPS_275,7291,0.023901523433020766
echoStateNetwork,IOPS_275,7292,0.5567896824403581
echoStateNetwork,IOPS_275,7293,0.4118866144499521
echoStateNetwork,IOPS_275,7294,0.007608867650558682
echoStateNetwork,IOPS_275,7295,0.23915483691921668
echoStateNetwork,IOPS_275,7296,0.06480747628975314
echoStateNetwork,IOPS_275,7297,0.7139117984308934
echoStateNetwork,IOPS_275,7298,0.013892263381413805
echoStateNetwork,IOPS_275,7299,0.4954949895068329
echoStateNetwork,IOPS_275,7300,0.11657267701413776
echoStateNetwork,IOPS_275,7301,0.5240917724985648
echoStateNetwork,IOPS_275,7302,0.24143073405066895
echoStateNetwork,IOPS_275,7303,0.6412396559035807
echoStateNetwork,IOPS_275,7304,0.8142389035502459
echoStateNetwork,IOPS_275,7305,0.7599429274463945
echoStateNetwork,IOPS_275,7306,0.3403797273843737
echoStateNetwork,IOPS_275,7307,0.013403895880200634
echoStateNetwork,IOPS_275,7308,0.11880528799368029
echoStateNetwork,IOPS_275,7309,0.0006230238909090691
echoStateNetwork,IOPS_275,7310,0.0019688098085931527
echoStateNetwork,IOPS_275,7311,0.02492849548692344
echoStateNetwork,IOPS_275,7312,0.19431648397710755
echoStateNetwork,IOPS_275,7313,0.07868376899544804
echoStateNetwork,IOPS_275,7314,0.45049886912308024
echoStateNetwork,IOPS_275,7315,0.73683997698044
echoStateNetwork,IOPS_275,7316,0.3189960694651127
echoStateNetwork,IOPS_275,7317,0.18642239126296545
echoStateNetwork,IOPS_275,7318,0.17685216017472793
echoStateNetwork,IOPS_275,7319,0.06758910584512245
echoStateNetwork,IOPS_275,7320,0.3102433721341753
echoStateNetwork,IOPS_275,7321,0.3188389369156187
echoStateNetwork,IOPS_275,7322,0.01901460459642712
echoStateNetwork,IOPS_275,7323,0.0025586772169630123
echoStateNetwork,IOPS_275,7324,0.18639704540388113
echoStateNetwork,IOPS_275,7325,0.0621148454629753
echoStateNetwork,IOPS_275,7326,0.8506795061419539
echoStateNetwork,IOPS_275,7327,0.1694770329920804
echoStateNetwork,IOPS_275,7328,0.5912617974063064
echoStateNetwork,IOPS_275,7329,0.16272611613304067
echoStateNetwork,IOPS_275,7330,0.48157853500051684
echoStateNetwork,IOPS_275,7331,0.05916727647399034
echoStateNetwork,IOPS_275,7332,0.11514486120706513
echoStateNetwork,IOPS_275,7333,0.30342682125297393
echoStateNetwork,IOPS_275,7334,0.0980218249257393
echoStateNetwork,IOPS_275,7335,0.08703747789850103
echoStateNetwork,IOPS_275,7336,0.02107302148898016
echoStateNetwork,IOPS_275,7337,0.12094599623566071
echoStateNetwork,IOPS_275,7338,0.36995995789476344
echoStateNetwork,IOPS_275,7339,0.24982729704565665
echoStateNetwork,IOPS_275,7340,0.02796688146511317
echoStateNetwork,IOPS_275,7341,0.2781376088554459
echoStateNetwork,IOPS_275,7342,0.046788783770880915
echoStateNetwork,IOPS_275,7343,0.062003017019975126
echoStateNetwork,IOPS_275,7344,0.14466702212661664
echoStateNetwork,IOPS_275,7345,0.4996777810412688
echoStateNetwork,IOPS_275,7346,0.1559441481573357
echoStateNetwork,IOPS_275,7347,0.10569546973813271
echoStateNetwork,IOPS_275,7348,0.05466693612058404
echoStateNetwork,IOPS_275,7349,0.5244700755263902
echoStateNetwork,IOPS_275,7350,0.14020761300909979
echoStateNetwork,IOPS_275,7351,0.4467400083315638
echoStateNetwork,IOPS_275,7352,0.07699371612360617
echoStateNetwork,IOPS_275,7353,0.6360042073452727
echoStateNetwork,IOPS_275,7354,0.01187872059928008
echoStateNetwork,IOPS_275,7355,0.10815181158426501
echoStateNetwork,IOPS_275,7356,0.2861375662094624
echoStateNetwork,IOPS_275,7357,0.03223317224547517
echoStateNetwork,IOPS_275,7358,0.26602312606981493
echoStateNetwork,IOPS_275,7359,0.3703637144408338
echoStateNetwork,IOPS_275,7360,0.18198115832376616
echoStateNetwork,IOPS_275,7361,0.15300053337328745
echoStateNetwork,IOPS_275,7362,0.12393004218517023
echoStateNetwork,IOPS_275,7363,0.8912138769155853
echoStateNetwork,IOPS_275,7364,0.10719756790670121
echoStateNetwork,IOPS_275,7365,0.011874561863492561
echoStateNetwork,IOPS_275,7366,0.4865028051560819
echoStateNetwork,IOPS_275,7367,0.20389335714954404
echoStateNetwork,IOPS_275,7368,0.031242929226587446
echoStateNetwork,IOPS_275,7369,0.06811996007789778
echoStateNetwork,IOPS_275,7370,0.3800171883851643
echoStateNetwork,IOPS_275,7371,0.1483711582046039
echoStateNetwork,IOPS_275,7372,0.24540376837414557
echoStateNetwork,IOPS_275,7373,0.8418009419963846
echoStateNetwork,IOPS_275,7374,0.7028383234586351
echoStateNetwork,IOPS_275,7375,0.9862014618907378
echoStateNetwork,IOPS_275,7376,0.4753007300657982
echoStateNetwork,IOPS_275,7377,0.011421475555991378
echoStateNetwork,IOPS_275,7378,0.0019528404505217978
echoStateNetwork,IOPS_275,7379,0.04248153326925341
echoStateNetwork,IOPS_275,7380,0.008996417145062385
echoStateNetwork,IOPS_275,7381,0.09225840697001508
echoStateNetwork,IOPS_275,7382,0.6657368808577491
echoStateNetwork,IOPS_275,7383,0.8915666137621513
echoStateNetwork,IOPS_275,7384,0.5210185980841884
echoStateNetwork,IOPS_275,7385,0.6185376820502001
echoStateNetwork,IOPS_275,7386,0.04884390558347729
echoStateNetwork,IOPS_275,7387,0.33192109920141144
echoStateNetwork,IOPS_275,7388,0.5969743194817891
echoStateNetwork,IOPS_275,7389,0.878234793859608
echoStateNetwork,IOPS_275,7390,0.7668189119011716
echoStateNetwork,IOPS_275,7391,0.8538616468513591
echoStateNetwork,IOPS_275,7392,0.014518713499866776
echoStateNetwork,IOPS_275,7393,0.4782820645182071
echoStateNetwork,IOPS_275,7394,0.28947916337338675
echoStateNetwork,IOPS_275,7395,0.7615439172846581
echoStateNetwork,IOPS_275,7396,0.44693467738306425
echoStateNetwork,IOPS_275,7397,0.9103387380477266
echoStateNetwork,IOPS_275,7398,0.7397381411572203
echoStateNetwork,IOPS_275,7399,0.5816974658079311
echoStateNetwork,IOPS_275,7400,0.4264587741218274
echoStateNetwork,IOPS_275,7401,0.04805469876632884
echoStateNetwork,IOPS_275,7402,0.9468294565717583
echoStateNetwork,IOPS_275,7403,0.04637016518793391
echoStateNetwork,IOPS_275,7404,0.7365226836986927
echoStateNetwork,IOPS_275,7405,0.6209601001564744
echoStateNetwork,IOPS_275,7406,0.5992488003590468
echoStateNetwork,IOPS_275,7407,0.3282180591984897
echoStateNetwork,IOPS_275,7408,0.665223454618093
echoStateNetwork,IOPS_275,7409,0.8438318209245087
echoStateNetwork,IOPS_275,7410,0.2234548008841254
echoStateNetwork,IOPS_275,7411,0.9626140200114736
echoStateNetwork,IOPS_275,7412,0.1720555905094232
echoStateNetwork,IOPS_275,7413,0.017789615720945284
echoStateNetwork,IOPS_275,7414,0.6265879172053992
echoStateNetwork,IOPS_275,7415,0.003054886609780816
echoStateNetwork,IOPS_275,7416,0.44453842345264494
echoStateNetwork,IOPS_275,7417,0.0013107214508399911
echoStateNetwork,IOPS_275,7418,0.2540743467401606
echoStateNetwork,IOPS_275,7419,0.0708050086824642
echoStateNetwork,IOPS_275,7420,0.08957468392915247
echoStateNetwork,IOPS_275,7421,0.0007145964581370956
echoStateNetwork,IOPS_275,7422,0.008702065377471757
echoStateNetwork,IOPS_275,7423,0.09116529058342204
echoStateNetwork,IOPS_275,7424,0.6695811785157079
echoStateNetwork,IOPS_275,7425,0.5417581303801371
echoStateNetwork,IOPS_275,7426,0.4671603297746424
echoStateNetwork,IOPS_275,7427,0.04261395875657248
echoStateNetwork,IOPS_275,7428,0.09000907086638521
echoStateNetwork,IOPS_275,7429,0.016251152277508174
echoStateNetwork,IOPS_275,7430,0.26497772100315153
echoStateNetwork,IOPS_275,7431,0.01422674275824698
echoStateNetwork,IOPS_275,7432,0.6729942535334255
echoStateNetwork,IOPS_275,7433,0.37192723372754255
echoStateNetwork,IOPS_275,7434,0.2686998855416559
echoStateNetwork,IOPS_275,7435,0.03363203852855001
echoStateNetwork,IOPS_275,7436,0.2246213371787833
echoStateNetwork,IOPS_275,7437,0.06253596620000645
echoStateNetwork,IOPS_275,7438,0.2756448617195336
echoStateNetwork,IOPS_275,7439,0.22161505798362313
echoStateNetwork,IOPS_275,7440,0.1973005626139036
echoStateNetwork,IOPS_275,7441,0.06137313918005749
echoStateNetwork,IOPS_275,7442,0.1290405216230115
echoStateNetwork,IOPS_275,7443,0.007494939715713245
echoStateNetwork,IOPS_275,7444,0.09272342813787493
echoStateNetwork,IOPS_275,7445,0.3789807301200808
echoStateNetwork,IOPS_275,7446,0.26930082227504415
echoStateNetwork,IOPS_275,7447,0.789217582511074
echoStateNetwork,IOPS_275,7448,0.20813957431413532
echoStateNetwork,IOPS_275,7449,0.9000292319095953
echoStateNetwork,IOPS_275,7450,0.12495207279712484
echoStateNetwork,IOPS_275,7451,0.3280398167074585
echoStateNetwork,IOPS_275,7452,0.8996915306312303
echoStateNetwork,IOPS_275,7453,0.14367132443827324
echoStateNetwork,IOPS_275,7454,0.9383039446991133
echoStateNetwork,IOPS_275,7455,0.007894070395932928
echoStateNetwork,IOPS_275,7456,0.5527960889670618
echoStateNetwork,IOPS_275,7457,0.20997819003099194
echoStateNetwork,IOPS_275,7458,0.41910398479797706
echoStateNetwork,IOPS_275,7459,0.09914878242422664
echoStateNetwork,IOPS_275,7460,0.0034776446846579434
echoStateNetwork,IOPS_275,7461,0.2786013502811979
echoStateNetwork,IOPS_275,7462,0.1580013174095538
echoStateNetwork,IOPS_275,7463,0.5140728614340357
echoStateNetwork,IOPS_275,7464,0.07871435613727307
echoStateNetwork,IOPS_275,7465,0.36421309164307536
echoStateNetwork,IOPS_275,7466,0.1396152254671994
echoStateNetwork,IOPS_275,7467,0.14928934351389056
echoStateNetwork,IOPS_275,7468,0.14795550487083664
echoStateNetwork,IOPS_275,7469,0.2290323273447794
echoStateNetwork,IOPS_275,7470,7.016483043498223e-05
echoStateNetwork,IOPS_275,7471,0.01657399539057247
echoStateNetwork,IOPS_275,7472,0.3078724529777861
echoStateNetwork,IOPS_275,7473,0.03561624796093621
echoStateNetwork,IOPS_275,7474,0.7304570246535858
echoStateNetwork,IOPS_275,7475,0.12218089119314901
echoStateNetwork,IOPS_275,7476,0.5880818344801995
echoStateNetwork,IOPS_275,7477,0.10250076857193247
echoStateNetwork,IOPS_275,7478,0.3796618471475691
echoStateNetwork,IOPS_275,7479,0.6584857394889087
echoStateNetwork,IOPS_275,7480,0.6041305200477651
echoStateNetwork,IOPS_275,7481,0.07107593940228385
echoStateNetwork,IOPS_275,7482,0.3534429336424699
echoStateNetwork,IOPS_275,7483,0.01146766514085551
echoStateNetwork,IOPS_275,7484,0.3853209451464399
echoStateNetwork,IOPS_275,7485,0.8074279288250741
echoStateNetwork,IOPS_275,7486,0.019756985592595977
echoStateNetwork,IOPS_275,7487,0.16389884854040782
echoStateNetwork,IOPS_275,7488,0.25703911350019437
echoStateNetwork,IOPS_275,7489,0.03262320777502059
echoStateNetwork,IOPS_275,7490,0.43523387676717007
echoStateNetwork,IOPS_275,7491,0.19967078591079834
echoStateNetwork,IOPS_275,7492,0.056471541821111026
echoStateNetwork,IOPS_275,7493,0.482763038833237
echoStateNetwork,IOPS_275,7494,0.000784848519662984
echoStateNetwork,IOPS_275,7495,0.1598046269471236
echoStateNetwork,IOPS_275,7496,0.10719988785837498
echoStateNetwork,IOPS_275,7497,0.8113129729760917
echoStateNetwork,IOPS_275,7498,0.11142011110278094
echoStateNetwork,IOPS_275,7499,0.39840849012936275
echoStateNetwork,IOPS_275,7500,0.3600881681564777
echoStateNetwork,IOPS_275,7501,0.6172823294300777
echoStateNetwork,IOPS_275,7502,0.08259225136192083
echoStateNetwork,IOPS_275,7503,0.479524751172973
echoStateNetwork,IOPS_275,7504,0.00030342277572092957
echoStateNetwork,IOPS_275,7505,0.6689533784600414
echoStateNetwork,IOPS_275,7506,0.5365816638565449
echoStateNetwork,IOPS_275,7507,0.6572772134083356
echoStateNetwork,IOPS_275,7508,0.04950904105389886
echoStateNetwork,IOPS_275,7509,0.08191991840558221
echoStateNetwork,IOPS_275,7510,0.05541019245854273
echoStateNetwork,IOPS_275,7511,0.06520497709732254
echoStateNetwork,IOPS_275,7512,0.5518178680804586
echoStateNetwork,IOPS_275,7513,0.1414313746781014
echoStateNetwork,IOPS_275,7514,0.13410158005326922
echoStateNetwork,IOPS_275,7515,0.9088940854519313
echoStateNetwork,IOPS_275,7516,0.0020759959489344837
echoStateNetwork,IOPS_275,7517,0.12415561920478368
echoStateNetwork,IOPS_275,7518,0.9695248189147964
echoStateNetwork,IOPS_275,7519,0.9683559970522332
echoStateNetwork,IOPS_275,7520,0.34461936926882375
echoStateNetwork,IOPS_275,7521,0.6877971210124961
echoStateNetwork,IOPS_275,7522,0.4731361970177087
echoStateNetwork,IOPS_275,7523,0.3745793483245924
echoStateNetwork,IOPS_275,7524,0.13228190604577927
echoStateNetwork,IOPS_275,7525,0.2290868849403518
echoStateNetwork,IOPS_275,7526,0.001500648613627753
echoStateNetwork,IOPS_275,7527,0.9307245599032349
echoStateNetwork,IOPS_275,7528,0.04501364451321643
echoStateNetwork,IOPS_275,7529,2.589940285679937e-05
echoStateNetwork,IOPS_275,7530,0.025419236192312455
echoStateNetwork,IOPS_275,7531,0.28712349135536075
echoStateNetwork,IOPS_275,7532,0.26288002854257253
echoStateNetwork,IOPS_275,7533,0.002802794019296617
echoStateNetwork,IOPS_275,7534,0.0008226421803605444
echoStateNetwork,IOPS_275,7535,0.1013447512382517
echoStateNetwork,IOPS_275,7536,0.07240180582450728
echoStateNetwork,IOPS_275,7537,0.1280123311978152
echoStateNetwork,IOPS_275,7538,0.07064263761910572
echoStateNetwork,IOPS_275,7539,0.030533302857734035
echoStateNetwork,IOPS_275,7540,0.9733362697515371
echoStateNetwork,IOPS_275,7541,0.7463061965236051
echoStateNetwork,IOPS_275,7542,0.9785719432809681
echoStateNetwork,IOPS_275,7543,0.16383335058382442
echoStateNetwork,IOPS_275,7544,0.8330419609802809
echoStateNetwork,IOPS_275,7545,0.18383655663524245
echoStateNetwork,IOPS_275,7546,0.06948588478010587
echoStateNetwork,IOPS_275,7547,0.6915350407765898
echoStateNetwork,IOPS_275,7548,0.15660991239501243
echoStateNetwork,IOPS_275,7549,0.9468745396768484
echoStateNetwork,IOPS_275,7550,0.07997500470117058
echoStateNetwork,IOPS_275,7551,0.13090147690757303
echoStateNetwork,IOPS_275,7552,0.0006783189394846678
echoStateNetwork,IOPS_275,7553,0.03186720552501687
echoStateNetwork,IOPS_275,7554,0.14340214372623217
echoStateNetwork,IOPS_275,7555,0.5489868570263154
echoStateNetwork,IOPS_275,7556,0.4179575019632139
echoStateNetwork,IOPS_275,7557,0.05394346548173401
echoStateNetwork,IOPS_275,7558,0.10618643227090374
echoStateNetwork,IOPS_275,7559,0.002685404843477346
echoStateNetwork,IOPS_275,7560,0.06685381746821417
echoStateNetwork,IOPS_275,7561,0.7810233506387945
echoStateNetwork,IOPS_275,7562,0.9845372537588173
echoStateNetwork,IOPS_275,7563,0.550804548329173
echoStateNetwork,IOPS_275,7564,0.6599261226232607
echoStateNetwork,IOPS_275,7565,0.5816154470155235
echoStateNetwork,IOPS_275,7566,0.6854093925307463
echoStateNetwork,IOPS_275,7567,0.8859062426744942
echoStateNetwork,IOPS_275,7568,0.8431952487626136
echoStateNetwork,IOPS_275,7569,0.6349501978926022
echoStateNetwork,IOPS_275,7570,0.5013902666494083
echoStateNetwork,IOPS_275,7571,0.8485393473846733
echoStateNetwork,IOPS_275,7572,0.4070205743036365
echoStateNetwork,IOPS_275,7573,0.1511135240991346
echoStateNetwork,IOPS_275,7574,0.03785412077899708
echoStateNetwork,IOPS_275,7575,0.4003723852275848
echoStateNetwork,IOPS_275,7576,0.5551865589255436
echoStateNetwork,IOPS_275,7577,0.40402682269308243
echoStateNetwork,IOPS_275,7578,0.6347222998799917
echoStateNetwork,IOPS_275,7579,0.039726931526480214
echoStateNetwork,IOPS_275,7580,0.5554529814943108
echoStateNetwork,IOPS_275,7581,0.11423179499935587
echoStateNetwork,IOPS_275,7582,0.10203105178304783
echoStateNetwork,IOPS_275,7583,0.13979475337650804
echoStateNetwork,IOPS_275,7584,0.2400973784902718
echoStateNetwork,IOPS_275,7585,0.045826415890794836
echoStateNetwork,IOPS_275,7586,0.022666558385788016
echoStateNetwork,IOPS_275,7587,0.8697571683817448
echoStateNetwork,IOPS_275,7588,0.02490979813017169
echoStateNetwork,IOPS_275,7589,0.9698379053916372
echoStateNetwork,IOPS_275,7590,0.5764438615244514
echoStateNetwork,IOPS_275,7591,0.22405233701939586
echoStateNetwork,IOPS_275,7592,0.48492641480632426
echoStateNetwork,IOPS_275,7593,0.4123134036335233
echoStateNetwork,IOPS_275,7594,0.3942875651714861
echoStateNetwork,IOPS_275,7595,0.7768469103730262
echoStateNetwork,IOPS_275,7596,0.0031737593372651585
echoStateNetwork,IOPS_275,7597,0.8553480768365496
echoStateNetwork,IOPS_275,7598,0.732943094814666
echoStateNetwork,IOPS_275,7599,0.4626238907631788
echoStateNetwork,IOPS_275,7600,0.9193451594582434
echoStateNetwork,IOPS_275,7601,0.5265344939898756
echoStateNetwork,IOPS_275,7602,0.6039388857712744
echoStateNetwork,IOPS_275,7603,0.06441536526699787
echoStateNetwork,IOPS_275,7604,0.07075986656878086
echoStateNetwork,IOPS_275,7605,0.22589215542085617
echoStateNetwork,IOPS_275,7606,0.47636062100080045
echoStateNetwork,IOPS_275,7607,0.2656870879640897
echoStateNetwork,IOPS_275,7608,0.6409866565826904
echoStateNetwork,IOPS_275,7609,0.6279819523568964
echoStateNetwork,IOPS_275,7610,0.36680257267113237
echoStateNetwork,IOPS_275,7611,0.1047389260355196
echoStateNetwork,IOPS_275,7612,0.08408787157717257
echoStateNetwork,IOPS_275,7613,0.018254366240501252
echoStateNetwork,IOPS_275,7614,0.5365953384028229
echoStateNetwork,IOPS_275,7615,0.12159532435018705
echoStateNetwork,IOPS_275,7616,0.33409395036829626
echoStateNetwork,IOPS_275,7617,0.4575375936026317
echoStateNetwork,IOPS_275,7618,0.20277294184169048
echoStateNetwork,IOPS_275,7619,0.7295345759560665
echoStateNetwork,IOPS_275,7620,0.256629722173773
echoStateNetwork,IOPS_275,7621,0.18629924594330194
echoStateNetwork,IOPS_275,7622,0.10091117776358316
echoStateNetwork,IOPS_275,7623,0.2592858932281755
echoStateNetwork,IOPS_275,7624,0.016445295846616914
echoStateNetwork,IOPS_275,7625,0.0009352001280029665
echoStateNetwork,IOPS_275,7626,2.421532388074965e-05
echoStateNetwork,IOPS_275,7627,0.06354237943002161
echoStateNetwork,IOPS_275,7628,0.14063802430162464
echoStateNetwork,IOPS_275,7629,0.017790619255074747
echoStateNetwork,IOPS_275,7630,0.6855462169055041
echoStateNetwork,IOPS_275,7631,0.08343201693532099
echoStateNetwork,IOPS_275,7632,0.006789359006349249
echoStateNetwork,IOPS_275,7633,0.24782162640349648
echoStateNetwork,IOPS_275,7634,0.07652544245481463
echoStateNetwork,IOPS_275,7635,0.7419357298804334
echoStateNetwork,IOPS_275,7636,0.3867840341463241
echoStateNetwork,IOPS_275,7637,0.7534426615456474
echoStateNetwork,IOPS_275,7638,0.2702480686762717
echoStateNetwork,IOPS_275,7639,0.14664331931272212
echoStateNetwork,IOPS_275,7640,0.38158590729504793
echoStateNetwork,IOPS_275,7641,0.06766289738053266
echoStateNetwork,IOPS_275,7642,0.5553949070920327
echoStateNetwork,IOPS_275,7643,0.11212296843964553
echoStateNetwork,IOPS_275,7644,0.2192404885293029
echoStateNetwork,IOPS_275,7645,0.4310557042886274
echoStateNetwork,IOPS_275,7646,0.01247959039298041
echoStateNetwork,IOPS_275,7647,0.04332528821848303
echoStateNetwork,IOPS_275,7648,0.4903898462602909
echoStateNetwork,IOPS_275,7649,0.2728580491845558
echoStateNetwork,IOPS_275,7650,0.033515414577447666
echoStateNetwork,IOPS_275,7651,0.031040891571725848
echoStateNetwork,IOPS_275,7652,0.4809036084415653
echoStateNetwork,IOPS_275,7653,0.11522765413030722
echoStateNetwork,IOPS_275,7654,0.00011878691760447424
echoStateNetwork,IOPS_275,7655,0.07201437271606381
echoStateNetwork,IOPS_275,7656,0.7622436856642087
echoStateNetwork,IOPS_275,7657,0.16622626876138258
echoStateNetwork,IOPS_275,7658,0.943280673865269
echoStateNetwork,IOPS_275,7659,0.13775523814725898
echoStateNetwork,IOPS_275,7660,0.875568409851681
echoStateNetwork,IOPS_275,7661,0.18346730749632556
echoStateNetwork,IOPS_275,7662,0.5779429023723194
echoStateNetwork,IOPS_275,7663,0.3859191929354645
echoStateNetwork,IOPS_275,7664,0.7775691476647318
echoStateNetwork,IOPS_275,7665,0.11051680285993337
echoStateNetwork,IOPS_275,7666,0.3538614969126024
echoStateNetwork,IOPS_275,7667,0.030059786788838805
echoStateNetwork,IOPS_275,7668,0.004268170045377051
echoStateNetwork,IOPS_275,7669,0.11121845041400358
echoStateNetwork,IOPS_275,7670,0.11078148817550582
echoStateNetwork,IOPS_275,7671,0.20025779429378943
echoStateNetwork,IOPS_275,7672,0.021183108553850083
echoStateNetwork,IOPS_275,7673,0.026488353076736804
echoStateNetwork,IOPS_275,7674,0.03692558883215491
echoStateNetwork,IOPS_275,7675,0.3492557174612737
echoStateNetwork,IOPS_275,7676,0.049571006841987564
echoStateNetwork,IOPS_275,7677,0.13902858834887233
echoStateNetwork,IOPS_275,7678,0.42610815442802463
echoStateNetwork,IOPS_275,7679,0.44797306057908526
echoStateNetwork,IOPS_275,7680,0.44893610083465807
echoStateNetwork,IOPS_275,7681,0.2193691199379122
echoStateNetwork,IOPS_275,7682,0.2803100135586153
echoStateNetwork,IOPS_275,7683,0.0641081406309808
echoStateNetwork,IOPS_275,7684,0.05389906336677874
echoStateNetwork,IOPS_275,7685,0.21371242274407043
echoStateNetwork,IOPS_275,7686,0.007109940135659687
echoStateNetwork,IOPS_275,7687,0.057705611957589054
echoStateNetwork,IOPS_275,7688,0.07546350268834168
echoStateNetwork,IOPS_275,7689,0.01513793197676061
echoStateNetwork,IOPS_275,7690,0.08898724149811488
echoStateNetwork,IOPS_275,7691,0.001978336389618085
echoStateNetwork,IOPS_275,7692,0.0037022639985035966
echoStateNetwork,IOPS_275,7693,0.031973764901956025
echoStateNetwork,IOPS_275,7694,0.6604613708839605
echoStateNetwork,IOPS_275,7695,0.032537588196984824
echoStateNetwork,IOPS_275,7696,0.8637274746356851
echoStateNetwork,IOPS_275,7697,0.24608948968058597
echoStateNetwork,IOPS_275,7698,0.5144588901165186
echoStateNetwork,IOPS_275,7699,0.31422390846366743
echoStateNetwork,IOPS_275,7700,0.5695313128730242
echoStateNetwork,IOPS_275,7701,0.347564125608982
echoStateNetwork,IOPS_275,7702,0.45407638175954523
echoStateNetwork,IOPS_275,7703,0.3256769377742009
echoStateNetwork,IOPS_275,7704,0.3968972552317658
echoStateNetwork,IOPS_275,7705,0.19142737817429611
echoStateNetwork,IOPS_275,7706,0.02823814397753721
echoStateNetwork,IOPS_275,7707,0.683176068867331
echoStateNetwork,IOPS_275,7708,0.13582514018221226
echoStateNetwork,IOPS_275,7709,0.4871320493765713
echoStateNetwork,IOPS_275,7710,0.0014961018684709337
echoStateNetwork,IOPS_275,7711,0.0037590609181400447
echoStateNetwork,IOPS_275,7712,0.3759234353057659
echoStateNetwork,IOPS_275,7713,0.19780926238790608
echoStateNetwork,IOPS_275,7714,0.2325178702668158
echoStateNetwork,IOPS_275,7715,6.923841957462429e-05
echoStateNetwork,IOPS_275,7716,0.9612726308938263
echoStateNetwork,IOPS_275,7717,0.44586751375761047
echoStateNetwork,IOPS_275,7718,0.8256380700826429
echoStateNetwork,IOPS_275,7719,0.1057722652716564
echoStateNetwork,IOPS_275,7720,0.5844854797081065
echoStateNetwork,IOPS_275,7721,0.8729651996390343
echoStateNetwork,IOPS_275,7722,0.6843509050892858
echoStateNetwork,IOPS_275,7723,0.8073389096883421
echoStateNetwork,IOPS_275,7724,0.12604280573139426
echoStateNetwork,IOPS_275,7725,0.5784981723633199
echoStateNetwork,IOPS_275,7726,0.009355338660336221
echoStateNetwork,IOPS_275,7727,0.004710058515295046
echoStateNetwork,IOPS_275,7728,0.3248644854107906
echoStateNetwork,IOPS_275,7729,0.05190026491047195
echoStateNetwork,IOPS_275,7730,0.14548394289954636
echoStateNetwork,IOPS_275,7731,0.4407326360962679
echoStateNetwork,IOPS_275,7732,0.00022697277721217546
echoStateNetwork,IOPS_275,7733,0.08458270680314983
echoStateNetwork,IOPS_275,7734,0.1658773424740323
echoStateNetwork,IOPS_275,7735,0.23852395996280973
echoStateNetwork,IOPS_275,7736,0.14768112322576898
echoStateNetwork,IOPS_275,7737,0.11694977165899789
echoStateNetwork,IOPS_275,7738,0.969004431730138
echoStateNetwork,IOPS_275,7739,0.8801797603048427
echoStateNetwork,IOPS_275,7740,0.7172951160503916
echoStateNetwork,IOPS_275,7741,0.00022675419391082752
echoStateNetwork,IOPS_275,7742,0.1146963426575941
echoStateNetwork,IOPS_275,7743,0.9071981923449731
echoStateNetwork,IOPS_275,7744,0.1485100957430897
echoStateNetwork,IOPS_275,7745,0.7520873851226013
echoStateNetwork,IOPS_275,7746,0.025608013864585777
echoStateNetwork,IOPS_275,7747,0.2573319180340442
echoStateNetwork,IOPS_275,7748,0.7709714626843184
echoStateNetwork,IOPS_275,7749,0.20857157411711702
echoStateNetwork,IOPS_275,7750,0.9325469163015558
echoStateNetwork,IOPS_275,7751,0.5214781643429789
echoStateNetwork,IOPS_275,7752,0.7784403587359886
echoStateNetwork,IOPS_275,7753,0.0007512010977367423
echoStateNetwork,IOPS_275,7754,0.1750009726767141
echoStateNetwork,IOPS_275,7755,0.14084421343203857
echoStateNetwork,IOPS_275,7756,0.04180141233579249
echoStateNetwork,IOPS_275,7757,0.760947855555435
echoStateNetwork,IOPS_275,7758,0.038301795574305686
echoStateNetwork,IOPS_275,7759,0.001745346901675271
echoStateNetwork,IOPS_275,7760,0.0809648361007359
echoStateNetwork,IOPS_275,7761,0.9013382769684153
echoStateNetwork,IOPS_275,7762,0.17986791068464858
echoStateNetwork,IOPS_275,7763,0.032927881331838216
echoStateNetwork,IOPS_275,7764,0.15175704557800818
echoStateNetwork,IOPS_275,7765,0.7165102196149699
echoStateNetwork,IOPS_275,7766,0.47444641528493503
echoStateNetwork,IOPS_275,7767,0.5995585204379001
echoStateNetwork,IOPS_275,7768,0.011351112454396795
echoStateNetwork,IOPS_275,7769,0.09901956978612114
echoStateNetwork,IOPS_275,7770,0.830380274286942
echoStateNetwork,IOPS_275,7771,0.0397109797195051
echoStateNetwork,IOPS_275,7772,0.8127078774653158
echoStateNetwork,IOPS_275,7773,0.09835298636771972
echoStateNetwork,IOPS_275,7774,0.4724468638988456
echoStateNetwork,IOPS_275,7775,0.6318141201423095
echoStateNetwork,IOPS_275,7776,0.6648926901098904
echoStateNetwork,IOPS_275,7777,0.2026449799255221
echoStateNetwork,IOPS_275,7778,0.3294209514516955
echoStateNetwork,IOPS_275,7779,0.47443063069730607
echoStateNetwork,IOPS_275,7780,0.37102304006399944
echoStateNetwork,IOPS_275,7781,0.08190194720184218
echoStateNetwork,IOPS_275,7782,0.04040734332496054
echoStateNetwork,IOPS_275,7783,0.18274220656645357
echoStateNetwork,IOPS_275,7784,0.19916347508379972
echoStateNetwork,IOPS_275,7785,0.23235990513496396
echoStateNetwork,IOPS_275,7786,0.3249916419865966
echoStateNetwork,IOPS_275,7787,0.23615130570203158
echoStateNetwork,IOPS_275,7788,0.12173746783282746
echoStateNetwork,IOPS_275,7789,0.23850022909417223
echoStateNetwork,IOPS_275,7790,0.0003347997104251599
echoStateNetwork,IOPS_275,7791,0.17327937126925275
echoStateNetwork,IOPS_275,7792,0.6250544048881835
echoStateNetwork,IOPS_275,7793,0.12756444026437863
echoStateNetwork,IOPS_275,7794,0.6194712467765857
echoStateNetwork,IOPS_275,7795,0.006359126840452256
echoStateNetwork,IOPS_275,7796,0.2893384957604843
echoStateNetwork,IOPS_275,7797,0.09654281675473597
echoStateNetwork,IOPS_275,7798,0.5547147608462382
echoStateNetwork,IOPS_275,7799,0.6664429414423247
echoStateNetwork,IOPS_275,7800,0.5851511501073929
echoStateNetwork,IOPS_275,7801,0.21646070787296612
echoStateNetwork,IOPS_275,7802,0.6445514383847899
echoStateNetwork,IOPS_275,7803,0.6909558434540318
echoStateNetwork,IOPS_275,7804,0.10930629592448182
echoStateNetwork,IOPS_275,7805,0.9796826713064679
echoStateNetwork,IOPS_275,7806,0.3300370364764359
echoStateNetwork,IOPS_275,7807,0.11847483774213574
echoStateNetwork,IOPS_275,7808,0.678737093136315
echoStateNetwork,IOPS_275,7809,0.768762872864923
echoStateNetwork,IOPS_275,7810,0.02846437740795571
echoStateNetwork,IOPS_275,7811,0.36264513776848173
echoStateNetwork,IOPS_275,7812,0.004580344782256551
echoStateNetwork,IOPS_275,7813,0.2530038730269353
echoStateNetwork,IOPS_275,7814,0.41060339105143984
echoStateNetwork,IOPS_275,7815,0.0485248369378658
echoStateNetwork,IOPS_275,7816,0.027011159141927865
echoStateNetwork,IOPS_275,7817,0.08984574170139503
echoStateNetwork,IOPS_275,7818,0.0018469916678327536
echoStateNetwork,IOPS_275,7819,0.08384096145763198
echoStateNetwork,IOPS_275,7820,0.09814733071632642
echoStateNetwork,IOPS_275,7821,0.3012365350811739
echoStateNetwork,IOPS_275,7822,0.2431847126066955
echoStateNetwork,IOPS_275,7823,0.2114652214865279
echoStateNetwork,IOPS_275,7824,0.0008375234786186514
echoStateNetwork,IOPS_275,7825,7.261228534438668e-05
echoStateNetwork,IOPS_275,7826,0.01900431446165818
echoStateNetwork,IOPS_275,7827,0.9821583240340284
echoStateNetwork,IOPS_275,7828,0.2961346050787176
echoStateNetwork,IOPS_275,7829,0.7718208886985483
echoStateNetwork,IOPS_275,7830,0.1441321356452856
echoStateNetwork,IOPS_275,7831,0.17109740337833734
echoStateNetwork,IOPS_275,7832,0.005489749687810019
echoStateNetwork,IOPS_275,7833,0.0693649558914754
echoStateNetwork,IOPS_275,7834,0.4892891441617546
echoStateNetwork,IOPS_275,7835,0.27955697726521456
echoStateNetwork,IOPS_275,7836,0.25540847237758146
echoStateNetwork,IOPS_275,7837,0.03147291960508114
echoStateNetwork,IOPS_275,7838,0.016625594677077915
echoStateNetwork,IOPS_275,7839,0.08753414977427143
echoStateNetwork,IOPS_275,7840,0.03230510958792754
echoStateNetwork,IOPS_275,7841,0.573215381511345
echoStateNetwork,IOPS_275,7842,0.21951747840009195
echoStateNetwork,IOPS_275,7843,0.027553357281018376
echoStateNetwork,IOPS_275,7844,0.0001847656049447366
echoStateNetwork,IOPS_275,7845,0.008356848717342324
echoStateNetwork,IOPS_275,7846,0.01984567519860625
echoStateNetwork,IOPS_275,7847,0.004084533742746754
echoStateNetwork,IOPS_275,7848,0.31590856712830084
echoStateNetwork,IOPS_275,7849,0.010000636571993016
echoStateNetwork,IOPS_275,7850,0.6855935127935058
echoStateNetwork,IOPS_275,7851,0.9095434740673191
echoStateNetwork,IOPS_275,7852,0.06760112735878254
echoStateNetwork,IOPS_275,7853,0.2420737069504616
echoStateNetwork,IOPS_275,7854,0.3270449430306772
echoStateNetwork,IOPS_275,7855,0.6645068899201273
echoStateNetwork,IOPS_275,7856,0.6365853046300871
echoStateNetwork,IOPS_275,7857,0.6555262361247617
echoStateNetwork,IOPS_275,7858,0.03861576479715756
echoStateNetwork,IOPS_275,7859,0.07710390064126915
echoStateNetwork,IOPS_275,7860,0.025554754946571223
echoStateNetwork,IOPS_275,7861,0.273265564589392
echoStateNetwork,IOPS_275,7862,0.16916776911865106
echoStateNetwork,IOPS_275,7863,0.8622267194413222
echoStateNetwork,IOPS_275,7864,0.037060147467297244
echoStateNetwork,IOPS_275,7865,0.8765070237218933
echoStateNetwork,IOPS_275,7866,0.18621119632128647
echoStateNetwork,IOPS_275,7867,0.8002063145681935
echoStateNetwork,IOPS_275,7868,0.5577885662136022
echoStateNetwork,IOPS_275,7869,0.36732762263348806
echoStateNetwork,IOPS_275,7870,0.4572193179271472
echoStateNetwork,IOPS_275,7871,0.03764960796907968
echoStateNetwork,IOPS_275,7872,0.9624214139237934
echoStateNetwork,IOPS_275,7873,0.19622940722243964
echoStateNetwork,IOPS_275,7874,0.7628700518255097
echoStateNetwork,IOPS_275,7875,0.42409589344366694
echoStateNetwork,IOPS_275,7876,0.06808812773742234
echoStateNetwork,IOPS_275,7877,0.9540416888368339
echoStateNetwork,IOPS_275,7878,0.836313423981013
echoStateNetwork,IOPS_275,7879,0.6099164345145968
echoStateNetwork,IOPS_275,7880,0.8603854310985698
echoStateNetwork,IOPS_275,7881,0.05407823172123094
echoStateNetwork,IOPS_275,7882,0.6897316325865983
echoStateNetwork,IOPS_275,7883,0.26802133976945586
echoStateNetwork,IOPS_275,7884,0.3002781144763219
echoStateNetwork,IOPS_275,7885,0.0007832762542081539
echoStateNetwork,IOPS_275,7886,0.029737715765180806
echoStateNetwork,IOPS_275,7887,0.23657339967320656
echoStateNetwork,IOPS_275,7888,0.05724008945905845
echoStateNetwork,IOPS_275,7889,0.1475639434916114
echoStateNetwork,IOPS_275,7890,0.1900885391983239
echoStateNetwork,IOPS_275,7891,0.31348722671734375
echoStateNetwork,IOPS_275,7892,0.691822932966687
echoStateNetwork,IOPS_275,7893,0.059215362267798555
echoStateNetwork,IOPS_275,7894,0.8165064333479466
echoStateNetwork,IOPS_275,7895,0.3749296555550765
echoStateNetwork,IOPS_275,7896,0.4046068964243029
echoStateNetwork,IOPS_275,7897,0.2198832984919078
echoStateNetwork,IOPS_275,7898,0.00565453085968215
echoStateNetwork,IOPS_275,7899,0.9398877221426264
echoStateNetwork,IOPS_275,7900,0.26551374921895565
echoStateNetwork,IOPS_275,7901,0.4799398159511892
echoStateNetwork,IOPS_275,7902,8.196966375551007e-06
echoStateNetwork,IOPS_275,7903,0.44638962770546975
echoStateNetwork,IOPS_275,7904,0.46164547345910767
echoStateNetwork,IOPS_275,7905,0.008828312568322172
echoStateNetwork,IOPS_275,7906,0.6745350099738325
echoStateNetwork,IOPS_275,7907,0.06187049809962264
echoStateNetwork,IOPS_275,7908,0.05190445819911238
echoStateNetwork,IOPS_275,7909,0.27763829218468317
echoStateNetwork,IOPS_275,7910,0.01512656886307262
echoStateNetwork,IOPS_275,7911,0.09348274457838024
echoStateNetwork,IOPS_275,7912,0.18908030300872003
echoStateNetwork,IOPS_275,7913,0.8178340511995889
echoStateNetwork,IOPS_275,7914,0.6489473667329235
echoStateNetwork,IOPS_275,7915,0.9408116034301989
echoStateNetwork,IOPS_275,7916,0.29457272700227854
echoStateNetwork,IOPS_275,7917,0.47209351231208574
echoStateNetwork,IOPS_275,7918,0.29583022595748143
echoStateNetwork,IOPS_275,7919,0.042363398820833176
echoStateNetwork,IOPS_275,7920,0.13160688576588375
echoStateNetwork,IOPS_275,7921,0.10207560032038498
echoStateNetwork,IOPS_275,7922,0.3434640207992621
echoStateNetwork,IOPS_275,7923,0.22580707798801847
echoStateNetwork,IOPS_275,7924,0.2536919177542495
echoStateNetwork,IOPS_275,7925,5.010537010785576e-05
echoStateNetwork,IOPS_275,7926,0.16526701289555534
echoStateNetwork,IOPS_275,7927,0.04899506558525635
echoStateNetwork,IOPS_275,7928,0.0023730477466452626
echoStateNetwork,IOPS_275,7929,0.05198288375463178
echoStateNetwork,IOPS_275,7930,0.0033409688988480513
echoStateNetwork,IOPS_275,7931,0.16372472926529968
echoStateNetwork,IOPS_275,7932,0.003844209356034356
echoStateNetwork,IOPS_275,7933,0.12762351976922848
echoStateNetwork,IOPS_275,7934,0.8143392012015214
echoStateNetwork,IOPS_275,7935,0.14465861141653324
echoStateNetwork,IOPS_275,7936,0.40556939086061283
echoStateNetwork,IOPS_275,7937,0.7680343174864974
echoStateNetwork,IOPS_275,7938,0.7894654068900406
echoStateNetwork,IOPS_275,7939,0.023981383402758905
echoStateNetwork,IOPS_275,7940,0.411203978658812
echoStateNetwork,IOPS_275,7941,0.013608022477721415
echoStateNetwork,IOPS_275,7942,0.673878648639067
echoStateNetwork,IOPS_275,7943,0.2777370610945131
echoStateNetwork,IOPS_275,7944,0.1225189918913625
echoStateNetwork,IOPS_275,7945,0.05045028245655958
echoStateNetwork,IOPS_275,7946,0.3804529116093319
echoStateNetwork,IOPS_275,7947,0.22304209479923243
echoStateNetwork,IOPS_275,7948,0.48077542738952095
echoStateNetwork,IOPS_275,7949,0.008265007238771105
echoStateNetwork,IOPS_275,7950,0.471722967833185
echoStateNetwork,IOPS_275,7951,0.08280518454389507
echoStateNetwork,IOPS_275,7952,0.007694467761073853
echoStateNetwork,IOPS_275,7953,0.40578473673438864
echoStateNetwork,IOPS_275,7954,0.0003687054299629233
echoStateNetwork,IOPS_275,7955,0.031114586020811963
echoStateNetwork,IOPS_275,7956,0.3717889006156344
echoStateNetwork,IOPS_275,7957,0.23416338739951548
echoStateNetwork,IOPS_275,7958,0.7054264327649
echoStateNetwork,IOPS_275,7959,0.1579003116954132
echoStateNetwork,IOPS_275,7960,0.32246380070990455
echoStateNetwork,IOPS_275,7961,0.6775463369864154
echoStateNetwork,IOPS_275,7962,0.0334257361539122
echoStateNetwork,IOPS_275,7963,0.471022842089608
echoStateNetwork,IOPS_275,7964,0.4446618941052948
echoStateNetwork,IOPS_275,7965,0.23155987578795723
echoStateNetwork,IOPS_275,7966,0.3582596536335476
echoStateNetwork,IOPS_275,7967,0.0022169005064703873
echoStateNetwork,IOPS_275,7968,0.047820092768548705
echoStateNetwork,IOPS_275,7969,0.42623754758964305
echoStateNetwork,IOPS_275,7970,2.7406620593417585e-05
echoStateNetwork,IOPS_275,7971,0.4234138356742827
echoStateNetwork,IOPS_275,7972,0.06727623194995336
echoStateNetwork,IOPS_275,7973,0.00014071209948951502
echoStateNetwork,IOPS_275,7974,0.007918501505949305
echoStateNetwork,IOPS_275,7975,0.04341862968439891
echoStateNetwork,IOPS_275,7976,0.18248477638496696
echoStateNetwork,IOPS_275,7977,0.00339527395492345
echoStateNetwork,IOPS_275,7978,0.5553697251140117
echoStateNetwork,IOPS_275,7979,0.018387973783024147
echoStateNetwork,IOPS_275,7980,0.8808396921941526
echoStateNetwork,IOPS_275,7981,0.4479028931874427
echoStateNetwork,IOPS_275,7982,0.447890155632382
echoStateNetwork,IOPS_275,7983,0.17957166442483163
echoStateNetwork,IOPS_275,7984,0.08513708288693955
echoStateNetwork,IOPS_275,7985,0.014787951852236358
echoStateNetwork,IOPS_275,7986,0.386570375303367
echoStateNetwork,IOPS_275,7987,0.022324617870020935
echoStateNetwork,IOPS_275,7988,0.6384473758958111
echoStateNetwork,IOPS_275,7989,0.1677971794752705
echoStateNetwork,IOPS_275,7990,0.09086213814753308
echoStateNetwork,IOPS_275,7991,0.004581969472868264
echoStateNetwork,IOPS_275,7992,0.3930450071837017
echoStateNetwork,IOPS_275,7993,0.0006714286080768961
echoStateNetwork,IOPS_275,7994,0.21136914841323884
echoStateNetwork,IOPS_275,7995,0.09708068474651155
echoStateNetwork,IOPS_275,7996,0.04098646224932356
echoStateNetwork,IOPS_275,7997,0.13142652143128564
echoStateNetwork,IOPS_275,7998,0.8069110154644522
echoStateNetwork,IOPS_275,7999,0.3136896931787373
